 101.909000
 101.909000
 101.909000
 101.909000
 101.896000
 101.896000
 101.896000
 101.896000
 101.896000
 101.896000
 101.896000
 101.896000
 101.896000
 101.896000
 101.896000
 101.880000
 101.880000
 101.880000
 101.880000
 101.880000
 101.880000
 101.880000
 101.880000
 101.880000
 101.880000
 101.884000
 101.884000
 101.884000
 101.884000
 101.884000
 101.884000
 101.884000
 101.884000
 101.884000
 101.884000
 101.894000
 101.894000
 101.894000
 101.894000
 101.894000
 101.894000
 101.894000
 101.894000
 101.894000
 101.923000
 101.923000
 101.923000
 101.923000
 101.923000
 101.923000
 101.923000
 101.923000
 101.923000
 101.923000
 101.923000
 101.961000
 101.961000
 101.961000
 101.961000
 101.961000
 101.961000
 101.961000
 101.961000
 101.961000
 101.961000
 102.013000
 102.013000
 102.013000
 102.013000
 102.013000
 102.013000
 102.013000
 102.013000
 102.013000
 102.013000
 102.068000
 102.068000
 102.068000
 102.068000
 102.068000
 102.068000
 102.068000
 102.068000
 102.103000
 102.103000
 102.103000
 102.103000
 102.103000
 102.103000
 102.103000
 102.103000
 102.103000
 102.103000
 102.103000
 102.139000
 102.139000
 102.139000
 102.139000
 102.139000
 102.139000
 102.139000
 102.139000
 102.139000
 102.139000
 102.152000
 102.152000
 102.152000
 102.152000
 102.152000
 102.152000
 102.152000
 102.152000
 102.152000
 102.156000
 102.156000
 102.156000
 102.156000
 102.156000
 102.156000
 102.156000
 102.156000
 102.156000
 102.156000
 102.156000
 102.152000
 102.152000
 102.152000
 102.152000
 102.152000
 102.152000
 102.152000
 102.152000
 102.152000
 102.148000
 102.148000
 102.148000
 102.148000
 102.148000
 102.148000
 102.148000
 102.148000
 102.148000
 102.148000
 102.144000
 102.144000
 102.144000
 102.144000
 102.144000
 102.144000
 102.144000
 102.144000
 102.144000
 102.155000
 102.155000
 102.155000
 102.155000
 102.155000
 102.155000
 102.155000
 102.155000
 102.155000
 102.155000
 102.155000
 102.166000
 102.166000
 102.166000
 102.166000
 102.166000
 102.166000
 102.166000
 102.166000
 102.166000
 102.168000
 102.168000
 102.168000
 102.168000
 102.168000
 102.168000
 102.168000
 102.168000
 102.168000
 102.168000
 102.168000
 102.167000
 102.167000
 102.167000
 102.167000
 102.167000
 102.167000
 102.167000
 102.167000
 102.167000
 102.167000
 102.158000
 102.158000
 102.158000
 102.158000
 102.158000
 102.158000
 102.158000
 102.158000
 102.158000
 102.142000
 102.142000
 102.142000
 102.142000
 102.142000
 102.142000
 102.142000
 102.142000
 102.142000
 102.142000
 102.142000
 102.122000
 102.122000
 102.122000
 102.122000
 102.122000
 102.122000
 102.122000
 102.122000
 102.122000
 102.122000
 102.128000
 102.128000
 102.128000
 102.128000
 102.128000
 102.128000
 102.128000
 102.128000
 102.128000
 102.118000
 102.118000
 102.118000
 102.118000
 102.118000
 102.118000
 102.118000
 102.118000
 102.118000
 102.118000
 102.118000
 102.117000
 102.117000
 102.117000
 102.117000
 102.117000
 102.117000
 102.117000
 102.117000
 102.117000
 102.117000
 102.105000
 102.105000
 102.105000
 102.105000
 102.105000
 102.105000
 102.105000
 102.105000
 102.105000
 102.105000
 102.101000
 102.101000
 102.101000
 102.101000
 102.101000
 102.101000
 102.101000
 102.101000
 102.118000
 102.118000
 102.118000
 102.118000
 102.118000
 102.118000
 102.118000
 102.118000
 102.118000
 102.118000
 102.118000
 102.099000
 102.099000
 102.099000
 102.099000
 102.099000
 102.099000
 102.099000
 102.099000
 102.099000
 102.099000
 102.099000
 102.091000
 102.091000
 102.091000
 102.091000
 102.091000
 102.091000
 102.091000
 102.091000
 102.091000
 102.067000
 102.067000
 102.067000
 102.067000
 102.067000
 102.067000
 102.067000
 102.067000
 102.067000
 102.067000
 102.067000
 102.053000
 102.053000
 102.053000
 102.053000
 102.053000
 102.053000
 102.053000
 102.053000
 102.053000
 102.039000
 102.039000
 102.039000
 102.039000
 102.039000
 102.039000
 102.039000
 102.039000
 102.039000
 102.039000
 102.031000
 102.031000
 102.031000
 102.031000
 102.031000
 102.031000
 102.031000
 102.031000
 102.031000
 102.048000
 102.048000
 102.048000
 102.048000
 102.048000
 102.048000
 102.048000
 102.048000
 102.048000
 102.048000
 102.103000
 102.103000
 102.103000
 102.103000
 102.103000
 102.103000
 102.103000
 102.103000
 102.103000
 102.103000
 102.167000
 102.167000
 102.167000
 102.167000
 102.167000
 102.167000
 102.167000
 102.167000
 102.167000
 102.167000
 102.167000
 102.219000
 102.219000
 102.219000
 102.219000
 102.219000
 102.219000
 102.219000
 102.219000
 102.219000
 102.219000
 102.250000
 102.250000
 102.250000
 102.250000
 102.250000
 102.250000
 102.250000
 102.250000
 102.256000
 102.256000
 102.256000
 102.256000
 102.256000
 102.256000
 102.256000
 102.256000
 102.256000
 102.256000
 102.254000
 102.254000
 102.254000
 102.254000
 102.254000
 102.254000
 102.254000
 102.254000
 102.254000
 102.254000
 102.254000
 102.248000
 102.248000
 102.248000
 102.248000
 102.248000
 102.248000
 102.248000
 102.248000
 102.214000
 102.214000
 102.214000
 102.214000
 102.214000
 102.214000
 102.214000
 102.214000
 102.214000
 102.214000
 102.214000
 102.208000
 102.208000
 102.208000
 102.208000
 102.208000
 102.208000
 102.208000
 102.208000
 102.208000
 102.201000
 102.201000
 102.201000
 102.201000
 102.201000
 102.201000
 102.201000
 102.201000
 102.195000
 102.195000
 102.195000
 102.195000
 102.195000
 102.195000
 102.195000
 102.195000
 102.195000
 102.195000
 102.190000
 102.190000
 102.190000
 102.190000
 102.190000
 102.190000
 102.190000
 102.190000
 102.190000
 102.190000
 102.171000
 102.171000
 102.171000
 102.171000
 102.171000
 102.171000
 102.171000
 102.171000
 102.171000
 102.163000
 102.163000
 102.163000
 102.163000
 102.163000
 102.163000
 102.163000
 102.163000
 102.163000
 102.163000
 102.143000
 102.143000
 102.143000
 102.143000
 102.143000
 102.143000
 102.143000
 102.143000
 102.143000
 102.143000
 102.113000
 102.113000
 102.113000
 102.113000
 102.113000
 102.113000
 102.113000
 102.113000
 102.113000
 102.092000
 102.092000
 102.092000
 102.092000
 102.092000
 102.092000
 102.092000
 102.092000
 102.092000
 102.092000
 102.092000
 102.068000
 102.068000
 102.068000
 102.068000
 102.068000
 102.068000
 102.068000
 102.068000
 102.068000
 102.068000
 101.978000
 101.978000
 101.978000
 101.978000
 101.978000
 101.978000
 101.978000
 101.978000
 101.978000
 101.978000
 101.861000
 101.861000
 101.861000
 101.861000
 101.861000
 101.861000
 101.861000
 101.861000
 101.861000
 101.861000
 101.715000
 101.715000
 101.715000
 101.715000
 101.715000
 101.715000
 101.715000
 101.715000
 101.715000
 101.715000
 101.546000
 101.546000
 101.546000
 101.546000
 101.546000
 101.546000
 101.546000
 101.546000
 101.354000
 101.354000
 101.354000
 101.354000
 101.354000
 101.354000
 101.354000
 101.354000
 101.354000
 101.354000
 101.179000
 101.179000
 101.179000
 101.179000
 101.179000
 101.179000
 101.179000
 101.179000
 101.179000
 101.179000
 101.084000
 101.084000
 101.084000
 101.084000
 101.084000
 101.084000
 101.084000
 101.084000
 101.084000
 101.084000
 101.084000
 100.976000
 100.976000
 100.976000
 100.976000
 100.976000
 100.976000
 100.976000
 100.976000
 100.976000
 100.976000
 100.961000
 100.961000
 100.961000
 100.961000
 100.961000
 100.961000
 100.961000
 100.961000
 100.961000
 100.961000
 101.015000
 101.015000
 101.015000
 101.015000
 101.015000
 101.015000
 101.015000
 101.015000
 101.015000
 101.112000
 101.112000
 101.112000
 101.112000
 101.112000
 101.112000
 101.112000
 101.112000
 101.112000
 101.112000
 101.254000
 101.254000
 101.254000
 101.254000
 101.254000
 101.254000
 101.254000
 101.254000
 101.254000
 101.254000
 101.254000
 101.425000
 101.425000
 101.425000
 101.425000
 101.425000
 101.425000
 101.425000
 101.425000
 101.425000
 101.425000
 101.568000
 101.568000
 101.568000
 101.568000
 101.568000
 101.568000
 101.568000
 101.568000
 101.568000
 101.568000
 101.871000
 101.871000
 101.871000
 101.871000
 101.871000
 101.871000
 101.871000
 101.871000
 101.871000
 101.871000
 102.033000
 102.033000
 102.033000
 102.033000
 102.033000
 102.033000
 102.033000
 102.033000
 102.033000
 102.347000
 102.347000
 102.347000
 102.347000
 102.347000
 102.347000
 102.347000
 102.347000
 102.347000
 102.347000
 102.347000
 102.540000
 102.540000
 102.540000
 102.540000
 102.540000
 102.540000
 102.540000
 102.540000
 102.540000
 102.540000
 102.624000
 102.624000
 102.624000
 102.624000
 102.624000
 102.624000
 102.624000
 102.624000
 102.624000
 102.624000
 102.689000
 102.689000
 102.689000
 102.689000
 102.689000
 102.689000
 102.689000
 102.689000
 102.689000
 102.689000
 102.677000
 102.677000
 102.677000
 102.677000
 102.677000
 102.677000
 102.677000
 102.677000
 102.677000
 102.677000
 102.618000
 102.618000
 102.618000
 102.618000
 102.618000
 102.618000
 102.618000
 102.618000
 102.618000
 102.618000
 102.550000
 102.550000
 102.550000
 102.550000
 102.550000
 102.550000
 102.550000
 102.550000
 102.550000
 102.550000
 102.404000
 102.404000
 102.404000
 102.404000
 102.404000
 102.404000
 102.404000
 102.404000
 102.404000
 102.404000
 102.261000
 102.261000
 102.261000
 102.261000
 102.261000
 102.261000
 102.261000
 102.261000
 102.261000
 102.261000
 102.139000
 102.139000
 102.139000
 102.139000
 102.139000
 102.139000
 102.139000
 102.139000
 102.139000
 102.139000
 102.067000
 102.067000
 102.067000
 102.067000
 102.067000
 102.067000
 102.067000
 102.067000
 102.067000
 102.067000
 101.996000
 101.996000
 101.996000
 101.996000
 101.996000
 101.996000
 101.996000
 101.996000
 101.996000
 101.920000
 101.920000
 101.920000
 101.920000
 101.920000
 101.920000
 101.920000
 101.920000
 101.920000
 101.888000
 101.888000
 101.888000
 101.888000
 101.888000
 101.888000
 101.888000
 101.888000
 101.888000
 101.888000
 101.892000
 101.892000
 101.892000
 101.892000
 101.892000
 101.892000
 101.892000
 101.892000
 101.892000
 101.892000
 101.892000
 101.912000
 101.912000
 101.912000
 101.912000
 101.912000
 101.912000
 101.912000
 101.912000
 101.912000
 101.912000
 101.925000
 101.925000
 101.925000
 101.925000
 101.925000
 101.925000
 101.925000
 101.925000
 101.925000
 101.951000
 101.951000
 101.951000
 101.951000
 101.951000
 101.951000
 101.951000
 101.951000
 101.951000
 101.951000
 101.976000
 101.976000
 101.976000
 101.976000
 101.976000
 101.976000
 101.976000
 101.976000
 101.976000
 101.976000
 102.003000
 102.003000
 102.003000
 102.003000
 102.003000
 102.003000
 102.003000
 102.003000
 102.003000
 102.003000
 102.021000
 102.021000
 102.021000
 102.021000
 102.021000
 102.021000
 102.021000
 102.021000
 102.021000
 102.021000
 102.040000
 102.040000
 102.040000
 102.040000
 102.040000
 102.040000
 102.040000
 102.040000
 102.040000
 102.040000
 102.040000
 102.059000
 102.059000
 102.059000
 102.059000
 102.059000
 102.059000
 102.059000
 102.059000
 102.059000
 102.081000
 102.081000
 102.081000
 102.081000
 102.081000
 102.081000
 102.081000
 102.081000
 102.081000
 102.081000
 102.090000
 102.090000
 102.090000
 102.090000
 102.090000
 102.090000
 102.090000
 102.090000
 102.090000
 102.090000
 102.075000
 102.075000
 102.075000
 102.075000
 102.075000
 102.075000
 102.075000
 102.075000
 102.075000
 102.075000
 102.049000
 102.049000
 102.049000
 102.049000
 102.049000
 102.049000
 102.049000
 102.049000
 102.049000
 102.049000
 102.028000
 102.028000
 102.028000
 102.028000
 102.028000
 102.028000
 102.028000
 102.028000
 102.028000
 102.028000
 101.997000
 101.997000
 101.997000
 101.997000
 101.997000
 101.997000
 101.997000
 101.997000
 101.997000
 101.997000
 101.997000
 101.966000
 101.966000
 101.966000
 101.966000
 101.966000
 101.966000
 101.966000
 101.966000
 101.966000
 101.966000
 101.888000
 101.888000
 101.888000
 101.888000
 101.888000
 101.888000
 101.888000
 101.888000
 101.888000
 101.888000
 101.860000
 101.860000
 101.860000
 101.860000
 101.860000
 101.860000
 101.860000
 101.860000
 101.860000
 101.860000
 101.860000
 101.860000
 101.860000
 101.860000
 101.860000
 101.860000
 101.860000
 101.860000
 101.860000
 101.871000
 101.871000
 101.871000
 101.871000
 101.871000
 101.871000
 101.871000
 101.871000
 101.871000
 101.871000
 101.882000
 101.882000
 101.882000
 101.882000
 101.882000
 101.882000
 101.882000
 101.882000
 101.882000
 101.882000
 101.886000
 101.886000
 101.886000
 101.886000
 101.886000
 101.886000
 101.886000
 101.886000
 101.886000
 101.886000
 101.891000
 101.891000
 101.891000
 101.891000
 101.891000
 101.891000
 101.891000
 101.891000
 101.891000
 101.891000
 101.922000
 101.922000
 101.922000
 101.922000
 101.922000
 101.922000
 101.922000
 101.922000
 101.922000
 101.922000
 101.938000
 101.938000
 101.938000
 101.938000
 101.938000
 101.938000
 101.938000
 101.938000
 101.938000
 101.938000
 101.936000
 101.936000
 101.936000
 101.936000
 101.936000
 101.936000
 101.936000
 101.936000
 101.936000
 101.936000
 101.919000
 101.919000
 101.919000
 101.919000
 101.919000
 101.919000
 101.919000
 101.919000
 101.919000
 101.919000
 101.893000
 101.893000
 101.893000
 101.893000
 101.893000
 101.893000
 101.893000
 101.893000
 101.893000
 101.893000
 101.893000
 101.865000
 101.865000
 101.865000
 101.865000
 101.865000
 101.865000
 101.865000
 101.865000
 101.865000
 101.817000
 101.817000
 101.817000
 101.817000
 101.817000
 101.817000
 101.817000
 101.817000
 101.817000
 101.817000
 101.750000
 101.750000
 101.750000
 101.750000
 101.750000
 101.750000
 101.750000
 101.750000
 101.750000
 101.750000
 101.680000
 101.680000
 101.680000
 101.680000
 101.680000
 101.680000
 101.680000
 101.680000
 101.680000
 101.680000
 101.619000
 101.619000
 101.619000
 101.619000
 101.619000
 101.619000
 101.619000
 101.619000
 101.619000
 101.619000
 101.619000
 101.561000
 101.561000
 101.561000
 101.561000
 101.561000
 101.561000
 101.561000
 101.561000
 101.523000
 101.523000
 101.523000
 101.523000
 101.523000
 101.523000
 101.523000
 101.523000
 101.523000
 101.523000
 101.523000
 101.482000
 101.482000
 101.482000
 101.482000
 101.482000
 101.482000
 101.482000
 101.482000
 101.482000
 101.482000
 101.446000
 101.446000
 101.446000
 101.446000
 101.446000
 101.446000
 101.446000
 101.446000
 101.446000
 101.446000
 101.417000
 101.417000
 101.417000
 101.417000
 101.417000
 101.417000
 101.417000
 101.417000
 101.417000
 101.417000
 101.417000
 101.364000
 101.364000
 101.364000
 101.364000
 101.364000
 101.364000
 101.364000
 101.364000
 101.325000
 101.325000
 101.325000
 101.325000
 101.325000
 101.325000
 101.325000
 101.325000
 101.325000
 101.325000
 101.312000
 101.312000
 101.312000
 101.312000
 101.312000
 101.312000
 101.312000
 101.312000
 101.312000
 101.312000
 101.302000
 101.302000
 101.302000
 101.302000
 101.302000
 101.302000
 101.302000
 101.302000
 101.302000
 101.302000
 101.286000
 101.286000
 101.286000
 101.286000
 101.286000
 101.286000
 101.286000
 101.286000
 101.286000
 101.286000
 101.286000
 101.276000
 101.276000
 101.276000
 101.276000
 101.276000
 101.276000
 101.276000
 101.276000
 101.276000
 101.279000
 101.279000
 101.279000
 101.279000
 101.279000
 101.279000
 101.279000
 101.279000
 101.279000
 101.279000
 101.282000
 101.282000
 101.282000
 101.282000
 101.282000
 101.282000
 101.282000
 101.282000
 101.282000
 101.289000
 101.289000
 101.289000
 101.289000
 101.289000
 101.289000
 101.289000
 101.289000
 101.289000
 101.289000
 101.289000
 101.311000
 101.311000
 101.311000
 101.311000
 101.311000
 101.311000
 101.311000
 101.311000
 101.311000
 101.311000
 101.327000
 101.327000
 101.327000
 101.327000
 101.327000
 101.327000
 101.327000
 101.327000
 101.327000
 101.327000
 101.356000
 101.356000
 101.356000
 101.356000
 101.356000
 101.356000
 101.356000
 101.356000
 101.356000
 101.356000
 101.400000
 101.400000
 101.400000
 101.400000
 101.400000
 101.400000
 101.400000
 101.400000
 101.400000
 101.400000
 101.400000
 101.476000
 101.476000
 101.476000
 101.476000
 101.476000
 101.476000
 101.476000
 101.476000
 101.476000
 101.476000
 101.517000
 101.517000
 101.517000
 101.517000
 101.517000
 101.517000
 101.517000
 101.517000
 101.517000
 101.517000
 101.576000
 101.576000
 101.576000
 101.576000
 101.576000
 101.576000
 101.576000
 101.576000
 101.576000
 101.576000
 101.618000
 101.618000
 101.618000
 101.618000
 101.618000
 101.618000
 101.618000
 101.618000
 101.618000
 101.666000
 101.666000
 101.666000
 101.666000
 101.666000
 101.666000
 101.666000
 101.666000
 101.666000
 101.666000
 101.679000
 101.679000
 101.679000
 101.679000
 101.679000
 101.679000
 101.679000
 101.679000
 101.679000
 101.679000
 101.673000
 101.673000
 101.673000
 101.673000
 101.673000
 101.673000
 101.673000
 101.673000
 101.673000
 101.673000
 101.645000
 101.645000
 101.645000
 101.645000
 101.645000
 101.645000
 101.645000
 101.645000
 101.645000
 101.645000
 101.609000
 101.609000
 101.609000
 101.609000
 101.609000
 101.609000
 101.609000
 101.609000
 101.609000
 101.609000
 101.566000
 101.566000
 101.566000
 101.566000
 101.566000
 101.566000
 101.566000
 101.566000
 101.566000
 101.566000
 101.512000
 101.512000
 101.512000
 101.512000
 101.512000
 101.512000
 101.512000
 101.512000
 101.512000
 101.512000
 101.512000
 101.468000
 101.468000
 101.468000
 101.468000
 101.468000
 101.468000
 101.468000
 101.468000
 101.468000
 101.468000
 101.440000
 101.440000
 101.440000
 101.440000
 101.440000
 101.440000
 101.440000
 101.440000
 101.440000
 101.394000
 101.394000
 101.394000
 101.394000
 101.394000
 101.394000
 101.394000
 101.394000
 101.394000
 101.394000
 101.394000
 101.338000
 101.338000
 101.338000
 101.338000
 101.338000
 101.338000
 101.338000
 101.338000
 101.338000
 101.338000
 101.289000
 101.289000
 101.289000
 101.289000
 101.289000
 101.289000
 101.289000
 101.152000
 101.152000
 101.152000
 101.152000
 101.152000
 101.152000
 101.152000
 101.152000
 101.152000
 101.152000
 101.037000
 101.037000
 101.037000
 101.037000
 101.037000
 101.037000
 101.037000
 101.037000
 101.037000
 101.037000
 100.955000
 100.955000
 100.955000
 100.955000
 100.955000
 100.955000
 100.955000
 100.955000
 100.955000
 100.955000
 100.865000
 100.865000
 100.865000
 100.865000
 100.865000
 100.865000
 100.865000
 100.865000
 100.865000
 100.865000
 100.858000
 100.858000
 100.858000
 100.858000
 100.858000
 100.858000
 100.858000
 100.858000
 100.858000
 100.858000
 100.908000
 100.908000
 100.908000
 100.908000
 100.908000
 100.908000
 100.908000
 100.908000
 100.908000
 100.908000
 100.978000
 100.978000
 100.978000
 100.978000
 100.978000
 100.978000
 100.978000
 100.978000
 100.978000
 100.978000
 100.978000
 101.034000
 101.034000
 101.034000
 101.034000
 101.034000
 101.034000
 101.034000
 101.034000
 101.088000
 101.088000
 101.088000
 101.088000
 101.088000
 101.088000
 101.088000
 101.088000
 101.088000
 101.088000
 101.088000
 101.145000
 101.145000
 101.145000
 101.145000
 101.145000
 101.145000
 101.145000
 101.145000
 101.145000
 101.145000
 101.214000
 101.214000
 101.214000
 101.214000
 101.214000
 101.214000
 101.214000
 101.214000
 101.214000
 101.214000
 101.284000
 101.284000
 101.284000
 101.284000
 101.284000
 101.284000
 101.284000
 101.284000
 101.284000
 101.284000
 101.388000
 101.388000
 101.388000
 101.388000
 101.388000
 101.388000
 101.388000
 101.388000
 101.388000
 101.388000
 101.450000
 101.450000
 101.450000
 101.450000
 101.450000
 101.450000
 101.450000
 101.450000
 101.450000
 101.450000
 101.532000
 101.532000
 101.532000
 101.532000
 101.532000
 101.532000
 101.532000
 101.532000
 101.532000
 101.532000
 101.619000
 101.619000
 101.619000
 101.619000
 101.619000
 101.619000
 101.619000
 101.619000
 101.619000
 101.656000
 101.656000
 101.656000
 101.656000
 101.656000
 101.656000
 101.656000
 101.656000
 101.656000
 101.656000
 101.670000
 101.670000
 101.670000
 101.670000
 101.670000
 101.670000
 101.670000
 101.670000
 101.670000
 101.678000
 101.678000
 101.678000
 101.678000
 101.678000
 101.678000
 101.678000
 101.678000
 101.678000
 101.678000
 101.686000
 101.686000
 101.686000
 101.686000
 101.686000
 101.686000
 101.686000
 101.686000
 101.686000
 101.701000
 101.701000
 101.701000
 101.701000
 101.701000
 101.701000
 101.701000
 101.701000
 101.701000
 101.701000
 101.708000
 101.708000
 101.708000
 101.708000
 101.708000
 101.708000
 101.708000
 101.708000
 101.708000
 101.708000
 101.735000
 101.735000
 101.735000
 101.735000
 101.735000
 101.735000
 101.735000
 101.735000
 101.735000
 101.735000
 101.756000
 101.756000
 101.756000
 101.756000
 101.756000
 101.756000
 101.756000
 101.756000
 101.756000
 101.756000
 101.776000
 101.776000
 101.776000
 101.776000
 101.776000
 101.776000
 101.776000
 101.776000
 101.776000
 101.776000
 101.805000
 101.805000
 101.805000
 101.805000
 101.805000
 101.805000
 101.805000
 101.805000
 101.805000
 101.805000
 101.818000
 101.818000
 101.818000
 101.818000
 101.818000
 101.818000
 101.818000
 101.818000
 101.818000
 101.832000
 101.832000
 101.832000
 101.832000
 101.832000
 101.832000
 101.832000
 101.832000
 101.832000
 101.832000
 101.839000
 101.839000
 101.839000
 101.839000
 101.839000
 101.839000
 101.839000
 101.839000
 101.839000
 101.839000
 101.851000
 101.851000
 101.851000
 101.851000
 101.851000
 101.851000
 101.851000
 101.851000
 101.851000
 101.864000
 101.864000
 101.864000
 101.864000
 101.864000
 101.864000
 101.864000
 101.864000
 101.864000
 101.864000
 102.136000
 102.136000
 102.136000
 102.136000
 102.136000
 102.135000
 102.135000
 102.135000
 102.135000
 102.135000
 102.135000
 102.135000
 102.135000
 102.135000
 102.135000
 102.135000
 102.130000
 102.130000
 102.130000
 102.130000
 102.130000
 102.130000
 102.130000
 102.130000
 102.130000
 102.116000
 102.116000
 102.116000
 102.116000
 102.116000
 102.116000
 102.116000
 102.116000
 102.116000
 102.108000
 102.108000
 102.108000
 102.108000
 102.108000
 102.108000
 102.108000
 102.108000
 102.108000
 102.108000
 102.090000
 102.090000
 102.090000
 102.090000
 102.090000
 102.090000
 102.090000
 102.090000
 102.090000
 102.090000
 102.071000
 102.071000
 102.071000
 102.071000
 102.071000
 102.071000
 102.071000
 102.071000
 102.071000
 102.071000
 102.068000
 102.068000
 102.068000
 102.068000
 102.068000
 102.068000
 102.068000
 102.068000
 102.068000
 102.068000
 102.067000
 102.067000
 102.067000
 102.067000
 102.067000
 102.067000
 102.067000
 102.067000
 102.067000
 102.067000
 102.074000
 102.074000
 102.074000
 102.074000
 102.074000
 102.074000
 102.074000
 102.074000
 102.074000
 102.074000
 102.073000
 102.073000
 102.073000
 102.073000
 102.073000
 102.073000
 102.073000
 102.073000
 102.073000
 102.073000
 102.095000
 102.095000
 102.095000
 102.095000
 102.095000
 102.095000
 102.095000
 102.095000
 102.095000
 102.095000
 102.113000
 102.113000
 102.113000
 102.113000
 102.113000
 102.113000
 102.113000
 102.113000
 102.113000
 102.113000
 102.128000
 102.128000
 102.128000
 102.128000
 102.128000
 102.128000
 102.128000
 102.128000
 102.128000
 102.128000
 102.152000
 102.152000
 102.152000
 102.152000
 102.152000
 102.152000
 102.152000
 102.152000
 102.152000
 102.152000
 102.179000
 102.179000
 102.179000
 102.179000
 102.179000
 102.179000
 102.179000
 102.179000
 102.179000
 102.216000
 102.216000
 102.216000
 102.216000
 102.216000
 102.216000
 102.216000
 102.216000
 102.216000
 102.216000
 102.216000
 102.297000
 102.297000
 102.297000
 102.297000
 102.297000
 102.297000
 102.297000
 102.297000
 102.297000
 102.297000
 102.349000
 102.349000
 102.349000
 102.349000
 102.349000
 102.349000
 102.349000
 102.349000
 102.349000
 102.349000
 102.402000
 102.402000
 102.402000
 102.402000
 102.402000
 102.402000
 102.402000
 102.402000
 102.402000
 102.402000
 102.402000
 102.438000
 102.438000
 102.438000
 102.438000
 102.438000
 102.438000
 102.438000
 102.438000
 102.438000
 102.468000
 102.468000
 102.468000
 102.468000
 102.468000
 102.468000
 102.468000
 102.468000
 102.468000
 102.468000
 102.477000
 102.477000
 102.477000
 102.477000
 102.477000
 102.477000
 102.477000
 102.477000
 102.477000
 102.477000
 102.498000
 102.498000
 102.498000
 102.498000
 102.498000
 102.498000
 102.498000
 102.498000
 102.498000
 102.498000
 102.510000
 102.510000
 102.510000
 102.510000
 102.510000
 102.510000
 102.510000
 102.510000
 102.510000
 102.510000
 102.531000
 102.531000
 102.531000
 102.531000
 102.531000
 102.531000
 102.531000
 102.531000
 102.550000
 102.550000
 102.550000
 102.550000
 102.550000
 102.550000
 102.550000
 102.550000
 102.550000
 102.550000
 102.582000
 102.582000
 102.582000
 102.582000
 102.582000
 102.582000
 102.582000
 102.582000
 102.582000
 102.582000
 102.582000
 102.616000
 102.616000
 102.616000
 102.616000
 102.616000
 102.616000
 102.616000
 102.616000
 102.616000
 102.616000
 102.653000
 102.653000
 102.653000
 102.653000
 102.653000
 102.653000
 102.653000
 102.653000
 102.653000
 102.653000
 102.688000
 102.688000
 102.688000
 102.688000
 102.688000
 102.688000
 102.688000
 102.688000
 102.688000
 102.688000
 102.711000
 102.711000
 102.711000
 102.711000
 102.711000
 102.711000
 102.711000
 102.711000
 102.711000
 102.743000
 102.743000
 102.743000
 102.743000
 102.743000
 102.743000
 102.743000
 102.743000
 102.743000
 102.743000
 102.763000
 102.763000
 102.763000
 102.763000
 102.763000
 102.763000
 102.763000
 102.763000
 102.763000
 102.763000
 102.783000
 102.783000
 102.783000
 102.783000
 102.783000
 102.783000
 102.783000
 102.783000
 102.783000
 102.783000
 102.783000
 102.803000
 102.803000
 102.803000
 102.803000
 102.803000
 102.803000
 102.803000
 102.803000
 102.803000
 102.803000
 102.812000
 102.812000
 102.812000
 102.812000
 102.812000
 102.812000
 102.812000
 102.812000
 102.812000
 102.812000
 102.820000
 102.820000
 102.820000
 102.820000
 102.820000
 102.820000
 102.820000
 102.820000
 102.820000
 102.838000
 102.838000
 102.838000
 102.838000
 102.838000
 102.838000
 102.838000
 102.838000
 102.838000
 102.838000
 102.851000
 102.851000
 102.851000
 102.851000
 102.851000
 102.851000
 102.851000
 102.851000
 102.851000
 102.851000
 102.851000
 102.862000
 102.862000
 102.862000
 102.862000
 102.862000
 102.862000
 102.862000
 102.862000
 102.862000
 102.868000
 102.868000
 102.868000
 102.868000
 102.868000
 102.868000
 102.868000
 102.868000
 102.868000
 102.868000
 102.870000
 102.870000
 102.870000
 102.870000
 102.870000
 102.870000
 102.870000
 102.870000
 102.870000
 102.870000
 102.858000
 102.858000
 102.858000
 102.858000
 102.858000
 102.858000
 102.858000
 102.858000
 102.858000
 102.858000
 102.849000
 102.849000
 102.849000
 102.849000
 102.849000
 102.849000
 102.849000
 102.849000
 102.849000
 102.849000
 102.849000
 102.849000
 102.849000
 102.849000
 102.849000
 102.849000
 102.849000
 102.849000
 102.849000
 102.849000
 102.849000
 102.849000
 102.849000
 102.849000
 102.849000
 102.849000
 102.849000
 102.849000
 102.849000
 102.849000
 102.846000
 102.846000
 102.846000
 102.846000
 102.846000
 102.846000
 102.846000
 102.846000
 102.846000
 102.846000
 102.850000
 102.850000
 102.850000
 102.850000
 102.850000
 102.850000
 102.850000
 102.850000
 102.850000
 102.876000
 102.876000
 102.876000
 102.876000
 102.876000
 102.876000
 102.876000
 102.876000
 102.876000
 102.876000
 102.876000
 102.902000
 102.902000
 102.902000
 102.902000
 102.902000
 102.902000
 102.902000
 102.902000
 102.902000
 102.902000
 102.923000
 102.923000
 102.923000
 102.923000
 102.923000
 102.923000
 102.923000
 102.923000
 102.923000
 102.923000
 102.936000
 102.936000
 102.936000
 102.936000
 102.936000
 102.936000
 102.936000
 102.936000
 102.936000
 102.943000
 102.943000
 102.943000
 102.943000
 102.943000
 102.943000
 102.943000
 102.943000
 102.943000
 102.955000
 102.955000
 102.955000
 102.955000
 102.955000
 102.955000
 102.955000
 102.955000
 102.955000
 102.955000
 102.965000
 102.965000
 102.965000
 102.965000
 102.965000
 102.965000
 102.965000
 102.965000
 102.965000
 102.965000
 102.965000
 102.989000
 102.989000
 102.989000
 102.989000
 102.989000
 102.989000
 102.989000
 102.989000
 102.989000
 103.019000
 103.019000
 103.019000
 103.019000
 103.019000
 103.019000
 103.019000
 103.019000
 103.019000
 103.019000
 103.059000
 103.059000
 103.059000
 103.059000
 103.059000
 103.059000
 103.059000
 103.059000
 103.059000
 103.059000
 103.088000
 103.088000
 103.088000
 103.088000
 103.088000
 103.088000
 103.088000
 103.088000
 103.088000
 103.088000
 103.111000
 103.111000
 103.111000
 103.111000
 103.111000
 103.111000
 103.111000
 103.111000
 103.111000
 103.111000
 103.111000
 103.114000
 103.114000
 103.114000
 103.114000
 103.114000
 103.114000
 103.114000
 103.114000
 103.114000
 103.114000
 103.082000
 103.082000
 103.082000
 103.082000
 103.082000
 103.082000
 103.082000
 103.082000
 103.082000
 103.046000
 103.046000
 103.046000
 103.046000
 103.046000
 103.046000
 103.046000
 103.046000
 103.046000
 103.046000
 102.931000
 102.931000
 102.931000
 102.931000
 102.931000
 102.931000
 102.931000
 102.931000
 102.931000
 102.931000
 102.817000
 102.817000
 102.817000
 102.817000
 102.817000
 102.817000
 102.817000
 102.817000
 102.817000
 102.817000
 102.667000
 102.667000
 102.667000
 102.667000
 102.667000
 102.667000
 102.667000
 102.667000
 102.667000
 102.484000
 102.484000
 102.484000
 102.484000
 102.484000
 102.484000
 102.484000
 102.484000
 102.484000
 102.269000
 102.269000
 102.269000
 102.269000
 102.269000
 102.269000
 102.269000
 102.269000
 102.269000
 102.269000
 102.269000
 102.068000
 102.068000
 102.068000
 102.068000
 102.068000
 102.068000
 102.068000
 102.068000
 102.068000
 101.886000
 101.886000
 101.886000
 101.886000
 101.886000
 101.886000
 101.886000
 101.886000
 101.886000
 101.886000
 101.782000
 101.782000
 101.782000
 101.782000
 101.782000
 101.782000
 101.782000
 101.782000
 101.782000
 101.782000
 101.782000
 101.739000
 101.739000
 101.739000
 101.739000
 101.739000
 101.739000
 101.739000
 101.739000
 101.684000
 101.684000
 101.684000
 101.684000
 101.684000
 101.684000
 101.684000
 101.684000
 101.684000
 101.676000
 101.676000
 101.676000
 101.676000
 101.676000
 101.676000
 101.676000
 101.676000
 101.676000
 101.676000
 101.677000
 101.677000
 101.677000
 101.677000
 101.677000
 101.677000
 101.677000
 101.677000
 101.677000
 101.677000
 101.674000
 101.674000
 101.674000
 101.674000
 101.674000
 101.674000
 101.674000
 101.674000
 101.674000
 101.674000
 101.712000
 101.712000
 101.712000
 101.712000
 101.712000
 101.712000
 101.712000
 101.712000
 101.712000
 101.712000
 101.814000
 101.814000
 101.814000
 101.814000
 101.814000
 101.814000
 101.814000
 101.814000
 101.814000
 101.814000
 101.967000
 101.967000
 101.967000
 101.967000
 101.967000
 101.967000
 101.967000
 101.967000
 101.967000
 101.967000
 102.151000
 102.151000
 102.151000
 102.151000
 102.151000
 102.151000
 102.151000
 102.151000
 102.151000
 102.299000
 102.299000
 102.299000
 102.299000
 102.299000
 102.299000
 102.299000
 102.299000
 102.299000
 102.400000
 102.400000
 102.400000
 102.400000
 102.400000
 102.400000
 102.400000
 102.400000
 102.400000
 102.400000
 102.400000
 102.422000
 102.422000
 102.422000
 102.422000
 102.422000
 102.422000
 102.422000
 102.422000
 102.422000
 102.422000
 102.394000
 102.394000
 102.394000
 102.394000
 102.394000
 102.394000
 102.394000
 102.394000
 102.394000
 102.325000
 102.325000
 102.325000
 102.325000
 102.325000
 102.325000
 102.325000
 102.325000
 102.325000
 102.325000
 102.265000
 102.265000
 102.265000
 102.265000
 102.265000
 102.265000
 102.265000
 102.265000
 102.265000
 102.265000
 102.158000
 102.158000
 102.158000
 102.158000
 102.158000
 102.158000
 102.158000
 102.158000
 102.158000
 102.158000
 102.090000
 102.090000
 102.090000
 102.090000
 102.090000
 102.090000
 102.090000
 102.090000
 102.090000
 102.090000
 102.036000
 102.036000
 102.036000
 102.036000
 102.036000
 102.036000
 102.036000
 102.036000
 102.036000
 102.036000
 101.972000
 101.972000
 101.972000
 101.972000
 101.972000
 101.972000
 101.972000
 101.972000
 101.972000
 101.865000
 101.865000
 101.865000
 101.865000
 101.865000
 101.865000
 101.865000
 101.865000
 101.865000
 101.865000
 101.865000
 101.865000
 101.724000
 101.724000
 101.724000
 101.724000
 101.724000
 101.724000
 101.724000
 101.724000
 101.724000
 101.526000
 101.526000
 101.526000
 101.526000
 101.526000
 101.526000
 101.526000
 101.526000
 101.526000
 101.526000
 101.340000
 101.340000
 101.340000
 101.340000
 101.340000
 101.340000
 101.340000
 101.340000
 101.340000
 101.340000
 101.163000
 101.163000
 101.163000
 101.163000
 101.163000
 101.163000
 101.163000
 101.163000
 101.163000
 101.163000
 101.036000
 101.036000
 101.036000
 101.036000
 101.036000
 101.036000
 101.036000
 101.036000
 101.036000
 101.036000
 101.036000
 100.962000
 100.962000
 100.962000
 100.962000
 100.962000
 100.962000
 100.962000
 100.962000
 100.962000
 100.962000
 100.928000
 100.928000
 100.928000
 100.928000
 100.928000
 100.928000
 100.928000
 100.928000
 100.928000
 100.918000
 100.918000
 100.918000
 100.918000
 100.918000
 100.918000
 100.918000
 100.918000
 100.918000
 100.918000
 100.918000
 100.937000
 100.937000
 100.937000
 100.937000
 100.937000
 100.937000
 100.937000
 100.937000
 100.937000
 100.937000
 100.973000
 100.973000
 100.973000
 100.973000
 100.973000
 100.973000
 100.973000
 100.973000
 100.973000
 100.979000
 100.979000
 100.979000
 100.979000
 100.979000
 100.979000
 100.979000
 100.979000
 100.979000
 100.979000
 100.948000
 100.948000
 100.948000
 100.948000
 100.948000
 100.948000
 100.948000
 100.948000
 100.948000
 100.948000
 100.948000
 100.911000
 100.911000
 100.911000
 100.911000
 100.911000
 100.911000
 100.911000
 100.911000
 100.911000
 100.805000
 100.805000
 100.805000
 100.805000
 100.805000
 100.805000
 100.805000
 100.805000
 100.725000
 100.725000
 100.725000
 100.725000
 100.725000
 100.725000
 100.725000
 100.725000
 100.725000
 100.725000
 100.725000
 100.725000
 100.668000
 100.668000
 100.668000
 100.668000
 100.668000
 100.668000
 100.668000
 100.668000
 100.668000
 100.603000
 100.603000
 100.603000
 100.603000
 100.603000
 100.603000
 100.603000
 100.603000
 100.603000
 100.603000
 100.583000
 100.583000
 100.583000
 100.583000
 100.583000
 100.583000
 100.583000
 100.583000
 100.583000
 100.583000
 100.595000
 100.595000
 100.595000
 100.595000
 100.595000
 100.595000
 100.595000
 100.595000
 100.595000
 100.595000
 100.639000
 100.639000
 100.639000
 100.639000
 100.639000
 100.639000
 100.639000
 100.639000
 100.639000
 100.639000
 100.711000
 100.711000
 100.711000
 100.711000
 100.711000
 100.711000
 100.711000
 100.711000
 100.711000
 100.711000
 100.794000
 100.794000
 100.794000
 100.794000
 100.794000
 100.794000
 100.794000
 100.794000
 100.794000
 100.864000
 100.864000
 100.864000
 100.864000
 100.864000
 100.864000
 100.864000
 100.864000
 100.864000
 100.864000
 100.917000
 100.917000
 100.917000
 100.917000
 100.917000
 100.917000
 100.917000
 100.917000
 100.917000
 100.917000
 100.959000
 100.959000
 100.959000
 100.959000
 100.959000
 100.959000
 100.959000
 100.959000
 100.968000
 100.968000
 100.968000
 100.968000
 100.968000
 100.968000
 100.968000
 100.968000
 100.968000
 100.964000
 100.964000
 100.964000
 100.964000
 100.964000
 100.964000
 100.964000
 100.964000
 100.946000
 100.946000
 100.946000
 100.946000
 100.946000
 100.946000
 100.946000
 100.946000
 100.946000
 100.946000
 100.939000
 100.939000
 100.939000
 100.939000
 100.939000
 100.939000
 100.939000
 100.939000
 100.939000
 100.949000
 100.949000
 100.949000
 100.949000
 100.949000
 100.949000
 100.949000
 100.949000
 100.949000
 100.949000
 100.948000
 100.948000
 100.948000
 100.948000
 100.948000
 100.948000
 100.948000
 100.948000
 100.948000
 100.948000
 100.911000
 100.911000
 100.911000
 100.911000
 100.911000
 100.911000
 100.911000
 100.911000
 100.911000
 100.911000
 100.851000
 100.851000
 100.851000
 100.851000
 100.851000
 100.851000
 100.851000
 100.851000
 100.851000
 100.851000
 100.745000
 100.745000
 100.745000
 100.745000
 100.745000
 100.745000
 100.745000
 100.745000
 100.745000
 100.745000
 100.621000
 100.621000
 100.621000
 100.621000
 100.621000
 100.621000
 100.621000
 100.621000
 100.621000
 100.621000
 100.462000
 100.462000
 100.462000
 100.462000
 100.462000
 100.462000
 100.462000
 100.462000
 100.462000
 100.462000
 100.318000
 100.318000
 100.318000
 100.318000
 100.318000
 100.318000
 100.318000
 100.318000
 100.318000
 100.318000
 100.182000
 100.182000
 100.182000
 100.182000
 100.182000
 100.182000
 100.182000
 100.182000
 100.182000
 100.182000
 100.117000
 100.117000
 100.117000
 100.117000
 100.117000
 100.117000
 100.117000
 100.117000
 100.117000
 100.117000
 100.096000
 100.096000
 100.096000
 100.096000
 100.096000
 100.096000
 100.096000
 100.127000
 100.127000
 100.127000
 100.127000
 100.127000
 100.127000
 100.127000
 100.127000
 100.127000
 100.127000
 100.127000
 100.202000
 100.202000
 100.202000
 100.202000
 100.202000
 100.202000
 100.202000
 100.202000
 100.202000
 100.202000
 100.202000
 100.281000
 100.281000
 100.281000
 100.281000
 100.281000
 100.281000
 100.281000
 100.281000
 100.281000
 100.281000
 100.379000
 100.379000
 100.379000
 100.379000
 100.379000
 100.379000
 100.379000
 100.379000
 100.379000
 100.484000
 100.484000
 100.484000
 100.484000
 100.484000
 100.484000
 100.484000
 100.484000
 100.484000
 100.484000
 100.484000
 100.580000
 100.580000
 100.580000
 100.580000
 100.580000
 100.580000
 100.580000
 100.580000
 100.580000
 100.654000
 100.654000
 100.654000
 100.654000
 100.654000
 100.654000
 100.654000
 100.654000
 100.654000
 100.654000
 100.701000
 100.701000
 100.701000
 100.701000
 100.701000
 100.701000
 100.701000
 100.701000
 100.701000
 100.701000
 100.773000
 100.773000
 100.773000
 100.773000
 100.773000
 100.773000
 100.773000
 100.773000
 100.773000
 100.773000
 100.821000
 100.821000
 100.821000
 100.821000
 100.821000
 100.821000
 100.821000
 100.821000
 100.821000
 100.821000
 100.869000
 100.869000
 100.869000
 100.869000
 100.869000
 100.869000
 100.869000
 100.869000
 100.869000
 100.869000
 100.897000
 100.897000
 100.897000
 100.897000
 100.897000
 100.897000
 100.897000
 100.897000
 100.897000
 100.897000
 100.906000
 100.906000
 100.906000
 100.906000
 100.906000
 100.906000
 100.906000
 100.906000
 100.906000
 100.906000
 100.906000
 100.895000
 100.895000
 100.895000
 100.895000
 100.895000
 100.895000
 100.895000
 100.895000
 100.895000
 100.875000
 100.875000
 100.875000
 100.875000
 100.875000
 100.875000
 100.875000
 100.875000
 100.875000
 100.875000
 100.848000
 100.848000
 100.848000
 100.848000
 100.848000
 100.848000
 100.848000
 100.848000
 100.848000
 100.848000
 100.848000
 100.843000
 100.843000
 100.843000
 100.843000
 100.843000
 100.843000
 100.843000
 100.843000
 100.843000
 100.843000
 100.840000
 100.840000
 100.840000
 100.840000
 100.840000
 100.840000
 100.840000
 100.840000
 100.840000
 100.840000
 100.824000
 100.824000
 100.824000
 100.824000
 100.824000
 100.824000
 100.824000
 100.824000
 100.824000
 100.813000
 100.813000
 100.813000
 100.813000
 100.813000
 100.813000
 100.813000
 100.813000
 100.813000
 100.818000
 100.818000
 100.818000
 100.818000
 100.818000
 100.818000
 100.818000
 100.818000
 100.818000
 100.818000
 100.820000
 100.820000
 100.820000
 100.820000
 100.820000
 100.820000
 100.820000
 100.820000
 100.820000
 100.820000
 100.815000
 100.815000
 100.815000
 100.815000
 100.815000
 100.815000
 100.815000
 100.815000
 100.815000
 100.815000
 100.802000
 100.802000
 100.802000
 100.802000
 100.802000
 100.802000
 100.802000
 100.802000
 100.802000
 100.799000
 100.799000
 100.799000
 100.799000
 100.799000
 100.799000
 100.799000
 100.799000
 100.799000
 100.799000
 100.799000
 100.799000
 100.799000
 100.799000
 100.799000
 100.799000
 100.799000
 100.799000
 100.799000
 100.799000
 100.799000
 100.814000
 100.814000
 100.814000
 100.814000
 100.814000
 100.814000
 100.814000
 100.814000
 100.814000
 100.858000
 100.858000
 100.858000
 100.858000
 100.858000
 100.858000
 100.858000
 100.858000
 100.858000
 100.932000
 100.932000
 100.932000
 100.932000
 100.932000
 100.932000
 100.932000
 100.932000
 100.932000
 100.932000
 100.932000
 100.980000
 100.980000
 100.980000
 100.980000
 100.980000
 100.980000
 100.980000
 100.980000
 100.980000
 101.010000
 101.010000
 101.010000
 101.010000
 101.010000
 101.010000
 101.010000
 101.010000
 101.010000
 101.010000
 101.050000
 101.050000
 101.050000
 101.050000
 101.050000
 101.050000
 101.050000
 101.050000
 101.050000
 101.050000
 101.071000
 101.071000
 101.071000
 101.071000
 101.071000
 101.071000
 101.071000
 101.071000
 101.071000
 101.071000
 101.088000
 101.088000
 101.088000
 101.088000
 101.088000
 101.088000
 101.088000
 101.088000
 101.088000
 101.088000
 101.092000
 101.092000
 101.092000
 101.092000
 101.092000
 101.092000
 101.092000
 101.092000
 101.092000
 101.087000
 101.087000
 101.087000
 101.087000
 101.087000
 101.087000
 101.087000
 101.087000
 101.058000
 101.058000
 101.058000
 101.058000
 101.058000
 101.058000
 101.058000
 101.058000
 101.058000
 101.058000
 101.058000
 101.030000
 101.030000
 101.030000
 101.030000
 101.030000
 101.030000
 101.030000
 101.030000
 101.030000
 101.030000
 101.006000
 101.006000
 101.006000
 101.006000
 101.006000
 101.006000
 101.006000
 101.006000
 101.006000
 101.006000
 100.978000
 100.978000
 100.978000
 100.978000
 100.978000
 100.978000
 100.978000
 100.978000
 100.978000
 100.978000
 100.957000
 100.957000
 100.957000
 100.957000
 100.957000
 100.957000
 100.957000
 100.957000
 100.957000
 100.954000
 100.954000
 100.954000
 100.954000
 100.954000
 100.954000
 100.954000
 100.954000
 100.954000
 100.954000
 100.954000
 100.941000
 100.941000
 100.941000
 100.941000
 100.941000
 100.941000
 100.941000
 100.941000
 100.941000
 100.931000
 100.931000
 100.931000
 100.931000
 100.931000
 100.931000
 100.931000
 100.931000
 100.931000
 100.931000
 100.931000
 100.927000
 100.927000
 100.927000
 100.927000
 100.927000
 100.927000
 100.927000
 100.927000
 100.927000
 100.927000
 100.907000
 100.907000
 100.907000
 100.907000
 100.907000
 100.907000
 100.907000
 100.907000
 100.907000
 100.907000
 100.885000
 100.885000
 100.885000
 100.885000
 100.885000
 100.885000
 100.885000
 100.885000
 100.885000
 100.885000
 100.877000
 100.877000
 100.877000
 100.877000
 100.877000
 100.877000
 100.877000
 100.877000
 100.877000
 100.882000
 100.882000
 100.882000
 100.882000
 100.882000
 100.882000
 100.882000
 100.882000
 100.882000
 100.882000
 100.882000
 100.881000
 100.881000
 100.881000
 100.881000
 100.881000
 100.881000
 100.881000
 100.881000
 100.881000
 100.884000
 100.884000
 100.884000
 100.884000
 100.884000
 100.884000
 100.884000
 100.884000
 100.884000
 100.884000
 100.903000
 100.903000
 100.903000
 100.903000
 100.903000
 100.903000
 100.903000
 100.903000
 100.903000
 100.903000
 100.924000
 100.924000
 100.924000
 100.924000
 100.924000
 100.924000
 100.924000
 100.924000
 100.924000
 100.924000
 100.924000
 100.949000
 100.949000
 100.949000
 100.949000
 100.949000
 100.949000
 100.949000
 100.949000
 100.949000
 100.958000
 100.958000
 100.958000
 100.958000
 100.958000
 100.958000
 100.958000
 100.958000
 100.958000
 100.958000
 101.039000
 101.039000
 101.039000
 101.039000
 101.039000
 101.039000
 101.039000
 101.039000
 101.039000
 101.039000
 101.076000
 101.076000
 101.076000
 101.076000
 101.076000
 101.076000
 101.076000
 101.076000
 101.076000
 101.076000
 101.107000
 101.107000
 101.107000
 101.107000
 101.107000
 101.107000
 101.107000
 101.107000
 101.107000
 101.107000
 101.107000
 101.138000
 101.138000
 101.138000
 101.138000
 101.138000
 101.138000
 101.138000
 101.138000
 101.138000
 101.151000
 101.151000
 101.151000
 101.151000
 101.151000
 101.151000
 101.151000
 101.151000
 101.151000
 101.151000
 101.149000
 101.149000
 101.149000
 101.149000
 101.149000
 101.149000
 101.149000
 101.149000
 101.149000
 101.149000
 101.149000
 101.137000
 101.137000
 101.137000
 101.137000
 101.137000
 101.137000
 101.137000
 101.141000
 101.141000
 101.141000
 101.141000
 101.141000
 101.141000
 101.141000
 101.141000
 101.141000
 101.141000
 101.144000
 101.144000
 101.144000
 101.144000
 101.144000
 101.144000
 101.144000
 101.144000
 101.144000
 101.144000
 101.145000
 101.145000
 101.145000
 101.145000
 101.145000
 101.145000
 101.145000
 101.145000
 101.145000
 101.145000
 101.145000
 101.147000
 101.147000
 101.147000
 101.147000
 101.147000
 101.147000
 101.147000
 101.147000
 101.147000
 101.157000
 101.157000
 101.157000
 101.157000
 101.157000
 101.157000
 101.157000
 101.157000
 101.157000
 101.157000
 101.157000
 101.161000
 101.161000
 101.161000
 101.161000
 101.161000
 101.161000
 101.161000
 101.161000
 101.161000
 101.161000
 101.140000
 101.140000
 101.140000
 101.140000
 101.140000
 101.140000
 101.140000
 101.140000
 101.140000
 101.102000
 101.102000
 101.102000
 101.102000
 101.102000
 101.102000
 101.102000
 101.102000
 101.102000
 101.102000
 101.102000
 101.069000
 101.069000
 101.069000
 101.069000
 101.069000
 101.069000
 101.069000
 101.069000
 101.069000
 101.038000
 101.038000
 101.038000
 101.038000
 101.038000
 101.038000
 101.038000
 101.038000
 101.038000
 101.038000
 101.009000
 101.009000
 101.009000
 101.009000
 101.009000
 101.009000
 101.009000
 101.009000
 100.993000
 100.993000
 100.993000
 100.993000
 100.993000
 100.993000
 100.993000
 100.993000
 100.993000
 100.993000
 100.991000
 100.991000
 100.991000
 100.991000
 100.991000
 100.991000
 100.991000
 100.991000
 100.991000
 100.991000
 101.002000
 101.002000
 101.002000
 101.002000
 101.002000
 101.002000
 101.002000
 101.002000
 101.002000
 101.002000
 101.027000
 101.027000
 101.027000
 101.027000
 101.027000
 101.027000
 101.027000
 101.027000
 101.027000
 101.027000
 101.027000
 101.061000
 101.061000
 101.061000
 101.061000
 101.061000
 101.061000
 101.061000
 101.061000
 101.061000
 101.093000
 101.093000
 101.093000
 101.093000
 101.093000
 101.093000
 101.093000
 101.093000
 101.093000
 101.168000
 101.168000
 101.168000
 101.168000
 101.168000
 101.168000
 101.168000
 101.168000
 101.168000
 101.168000
 101.219000
 101.219000
 101.219000
 101.219000
 101.219000
 101.219000
 101.219000
 101.219000
 101.219000
 101.219000
 101.219000
 101.269000
 101.269000
 101.269000
 101.269000
 101.269000
 101.269000
 101.269000
 101.269000
 101.269000
 101.306000
 101.306000
 101.306000
 101.306000
 101.306000
 101.306000
 101.306000
 101.306000
 101.306000
 101.306000
 101.380000
 101.380000
 101.380000
 101.380000
 101.380000
 101.380000
 101.380000
 101.380000
 101.380000
 101.406000
 101.406000
 101.406000
 101.406000
 101.406000
 101.406000
 101.406000
 101.406000
 101.406000
 101.406000
 101.413000
 101.413000
 101.413000
 101.413000
 101.413000
 101.413000
 101.413000
 101.413000
 101.413000
 101.413000
 101.413000
 101.413000
 101.413000
 101.413000
 101.413000
 101.413000
 101.413000
 101.413000
 101.413000
 101.413000
 101.413000
 101.421000
 101.421000
 101.421000
 101.421000
 101.421000
 101.421000
 101.421000
 101.421000
 101.421000
 101.433000
 101.433000
 101.433000
 101.433000
 101.433000
 101.433000
 101.433000
 101.433000
 101.433000
 101.433000
 101.433000
 101.435000
 101.435000
 101.435000
 101.435000
 101.435000
 101.435000
 101.435000
 101.435000
 101.435000
 101.428000
 101.428000
 101.428000
 101.428000
 101.428000
 101.428000
 101.428000
 101.428000
 101.428000
 101.428000
 101.428000
 101.403000
 101.403000
 101.403000
 101.403000
 101.403000
 101.403000
 101.403000
 101.403000
 101.403000
 101.373000
 101.373000
 101.373000
 101.373000
 101.373000
 101.373000
 101.373000
 101.373000
 101.373000
 101.373000
 101.310000
 101.310000
 101.310000
 101.310000
 101.310000
 101.310000
 101.310000
 101.310000
 101.310000
 101.310000
 101.231000
 101.231000
 101.231000
 101.231000
 101.231000
 101.231000
 101.231000
 101.231000
 101.231000
 101.231000
 101.139000
 101.139000
 101.139000
 101.139000
 101.139000
 101.139000
 101.139000
 101.139000
 101.139000
 101.139000
 101.058000
 101.058000
 101.058000
 101.058000
 101.058000
 101.058000
 101.058000
 101.058000
 101.058000
 101.058000
 101.058000
 100.996000
 100.996000
 100.996000
 100.996000
 100.996000
 100.996000
 100.996000
 100.996000
 100.917000
 100.917000
 100.917000
 100.917000
 100.917000
 100.917000
 100.917000
 100.917000
 100.917000
 100.806000
 100.806000
 100.806000
 100.806000
 100.806000
 100.806000
 100.806000
 100.806000
 100.806000
 100.806000
 100.733000
 100.733000
 100.733000
 100.733000
 100.733000
 100.733000
 100.733000
 100.733000
 100.733000
 100.671000
 100.671000
 100.671000
 100.671000
 100.671000
 100.671000
 100.671000
 100.671000
 100.671000
 100.671000
 100.671000
 100.662000
 100.662000
 100.662000
 100.662000
 100.662000
 100.662000
 100.662000
 100.662000
 100.662000
 100.662000
 100.693000
 100.693000
 100.693000
 100.693000
 100.693000
 100.693000
 100.693000
 100.693000
 100.693000
 100.693000
 100.740000
 100.740000
 100.740000
 100.740000
 100.740000
 100.740000
 100.740000
 100.740000
 100.740000
 100.740000
 100.814000
 100.814000
 100.814000
 100.814000
 100.814000
 100.814000
 100.814000
 100.814000
 100.814000
 100.814000
 100.880000
 100.880000
 100.880000
 100.880000
 100.880000
 100.880000
 100.880000
 100.880000
 100.880000
 100.880000
 100.931000
 100.931000
 100.931000
 100.931000
 100.931000
 100.931000
 100.931000
 100.931000
 100.931000
 100.931000
 100.970000
 100.970000
 100.970000
 100.970000
 100.970000
 100.970000
 100.970000
 100.970000
 100.970000
 101.014000
 101.014000
 101.014000
 101.014000
 101.014000
 101.014000
 101.014000
 101.014000
 101.014000
 101.014000
 101.014000
 101.049000
 101.049000
 101.049000
 101.049000
 101.049000
 101.049000
 101.049000
 101.049000
 101.049000
 101.138000
 101.138000
 101.138000
 101.138000
 101.138000
 101.138000
 101.138000
 101.138000
 101.138000
 101.138000
 101.138000
 101.170000
 101.170000
 101.170000
 101.170000
 101.170000
 101.170000
 101.170000
 101.170000
 101.170000
 101.170000
 101.205000
 101.205000
 101.205000
 101.205000
 101.205000
 101.205000
 101.205000
 101.205000
 101.219000
 101.219000
 101.219000
 101.219000
 101.219000
 101.219000
 101.219000
 101.219000
 101.219000
 101.219000
 101.219000
 101.229000
 101.229000
 101.229000
 101.229000
 101.229000
 101.229000
 101.229000
 101.229000
 101.229000
 101.243000
 101.243000
 101.243000
 101.243000
 101.243000
 101.243000
 101.243000
 101.243000
 101.243000
 101.258000
 101.258000
 101.258000
 101.258000
 101.258000
 101.258000
 101.258000
 101.258000
 101.258000
 101.258000
 101.304000
 101.304000
 101.304000
 101.304000
 101.304000
 101.304000
 101.304000
 101.304000
 101.304000
 101.357000
 101.357000
 101.357000
 101.357000
 101.357000
 101.357000
 101.357000
 101.357000
 101.357000
 101.357000
 101.426000
 101.426000
 101.426000
 101.426000
 101.426000
 101.426000
 101.426000
 101.426000
 101.426000
 101.426000
 101.480000
 101.480000
 101.480000
 101.480000
 101.480000
 101.480000
 101.480000
 101.480000
 101.480000
 101.480000
 101.480000
 101.571000
 101.571000
 101.571000
 101.571000
 101.571000
 101.571000
 101.571000
 101.571000
 101.571000
 101.637000
 101.637000
 101.637000
 101.637000
 101.637000
 101.637000
 101.637000
 101.637000
 101.637000
 101.637000
 101.719000
 101.719000
 101.719000
 101.719000
 101.719000
 101.719000
 101.719000
 101.719000
 101.719000
 101.719000
 101.802000
 101.802000
 101.802000
 101.802000
 101.802000
 101.802000
 101.802000
 101.802000
 101.802000
 101.802000
 101.845000
 101.845000
 101.845000
 101.845000
 101.845000
 101.845000
 101.845000
 101.845000
 101.845000
 101.930000
 101.930000
 101.930000
 101.930000
 101.930000
 101.930000
 101.930000
 101.930000
 101.930000
 101.930000
 101.930000
 101.994000
 101.994000
 101.994000
 101.994000
 101.994000
 101.994000
 101.994000
 101.994000
 101.994000
 101.994000
 102.063000
 102.063000
 102.063000
 102.063000
 102.063000
 102.063000
 102.063000
 102.063000
 102.063000
 102.119000
 102.119000
 102.119000
 102.119000
 102.119000
 102.119000
 102.119000
 102.119000
 102.119000
 102.119000
 102.255000
 102.255000
 102.255000
 102.255000
 102.255000
 102.255000
 102.255000
 102.255000
 102.255000
 102.255000
 102.255000
 102.352000
 102.352000
 102.352000
 102.352000
 102.352000
 102.352000
 102.352000
 102.352000
 102.352000
 102.447000
 102.447000
 102.447000
 102.447000
 102.447000
 102.447000
 102.447000
 102.447000
 102.447000
 102.527000
 102.527000
 102.527000
 102.527000
 102.527000
 102.527000
 102.527000
 102.527000
 102.527000
 102.527000
 102.590000
 102.590000
 102.590000
 102.590000
 102.590000
 102.590000
 102.590000
 102.590000
 102.590000
 102.590000
 102.647000
 102.647000
 102.647000
 102.647000
 102.647000
 102.647000
 102.647000
 102.647000
 102.647000
 102.647000
 102.720000
 102.720000
 102.720000
 102.720000
 102.720000
 102.720000
 102.720000
 102.720000
 102.720000
 102.791000
 102.791000
 102.791000
 102.791000
 102.791000
 102.791000
 102.791000
 102.791000
 102.791000
 102.845000
 102.845000
 102.845000
 102.845000
 102.845000
 102.845000
 102.845000
 102.845000
 102.845000
 102.845000
 102.928000
 102.928000
 102.928000
 102.928000
 102.928000
 102.928000
 102.928000
 102.928000
 102.928000
 103.021000
 103.021000
 103.021000
 103.021000
 103.021000
 103.021000
 103.021000
 103.021000
 103.021000
 103.021000
 103.076000
 103.076000
 103.076000
 103.076000
 103.076000
 103.076000
 103.076000
 103.076000
 103.117000
 103.117000
 103.117000
 103.117000
 103.117000
 103.117000
 103.117000
 103.117000
 103.117000
 103.142000
 103.142000
 103.142000
 103.142000
 103.142000
 103.142000
 103.142000
 103.142000
 103.142000
 103.142000
 103.160000
 103.160000
 103.160000
 103.160000
 103.160000
 103.160000
 103.160000
 103.160000
 103.190000
 103.190000
 103.190000
 103.190000
 103.190000
 103.190000
 103.190000
 103.190000
 103.190000
 103.219000
 103.219000
 103.219000
 103.219000
 103.219000
 103.219000
 103.219000
 103.219000
 103.219000
 103.219000
 103.246000
 103.246000
 103.246000
 103.246000
 103.246000
 103.246000
 103.246000
 103.246000
 103.246000
 103.246000
 103.276000
 103.276000
 103.276000
 103.276000
 103.276000
 103.276000
 103.276000
 103.276000
 103.276000
 103.276000
 103.276000
 103.287000
 103.287000
 103.287000
 103.287000
 103.287000
 103.287000
 103.287000
 103.287000
 103.287000
 103.336000
 103.336000
 103.336000
 103.336000
 103.336000
 103.336000
 103.336000
 103.336000
 103.336000
 103.368000
 103.368000
 103.368000
 103.368000
 103.368000
 103.368000
 103.368000
 103.368000
 103.368000
 103.368000
 103.368000
 103.383000
 103.383000
 103.383000
 103.383000
 103.383000
 103.383000
 103.383000
 103.383000
 103.383000
 103.383000
 103.384000
 103.384000
 103.384000
 103.384000
 103.384000
 103.384000
 103.384000
 103.384000
 103.384000
 103.384000
 103.370000
 103.370000
 103.370000
 103.370000
 103.370000
 103.370000
 103.370000
 103.370000
 103.370000
 103.370000
 103.338000
 103.338000
 103.338000
 103.338000
 103.338000
 103.338000
 103.338000
 103.338000
 103.338000
 103.338000
 103.338000
 103.308000
 103.308000
 103.308000
 103.308000
 103.308000
 103.308000
 103.308000
 103.308000
 103.308000
 103.233000
 103.233000
 103.233000
 103.233000
 103.233000
 103.233000
 103.233000
 103.233000
 103.233000
 103.183000
 103.183000
 103.183000
 103.183000
 103.183000
 103.183000
 103.183000
 103.183000
 103.183000
 103.183000
 103.183000
 103.145000
 103.145000
 103.145000
 103.145000
 103.145000
 103.145000
 103.145000
 103.145000
 103.145000
 103.145000
 103.127000
 103.127000
 103.127000
 103.127000
 103.127000
 103.127000
 103.127000
 103.127000
 103.127000
 103.127000
 103.092000
 103.092000
 103.092000
 103.092000
 103.092000
 103.092000
 103.092000
 103.092000
 103.092000
 103.092000
 103.072000
 103.072000
 103.072000
 103.072000
 103.072000
 103.072000
 103.072000
 103.072000
 103.072000
 103.072000
 103.008000
 103.008000
 103.008000
 103.008000
 103.008000
 103.008000
 103.008000
 103.008000
 103.008000
 102.923000
 102.923000
 102.923000
 102.923000
 102.923000
 102.923000
 102.923000
 102.923000
 102.923000
 102.803000
 102.803000
 102.803000
 102.803000
 102.803000
 102.803000
 102.803000
 102.803000
 102.803000
 102.803000
 102.626000
 102.626000
 102.626000
 102.626000
 102.626000
 102.626000
 102.626000
 102.626000
 102.626000
 102.626000
 102.455000
 102.455000
 102.455000
 102.455000
 102.455000
 102.455000
 102.455000
 102.455000
 102.455000
 102.455000
 102.275000
 102.275000
 102.275000
 102.275000
 102.275000
 102.275000
 102.275000
 102.275000
 102.275000
 102.275000
 102.156000
 102.156000
 102.156000
 102.156000
 102.156000
 102.156000
 102.156000
 102.156000
 102.156000
 102.093000
 102.093000
 102.093000
 102.093000
 102.093000
 102.093000
 102.093000
 102.093000
 102.093000
 102.093000
 102.093000
 102.049000
 102.049000
 102.049000
 102.049000
 102.049000
 102.049000
 102.049000
 102.049000
 102.049000
 102.076000
 102.076000
 102.076000
 102.076000
 102.076000
 102.076000
 102.076000
 102.076000
 102.076000
 102.076000
 102.153000
 102.153000
 102.153000
 102.153000
 102.153000
 102.153000
 102.153000
 102.153000
 102.153000
 102.153000
 102.153000
 102.239000
 102.239000
 102.239000
 102.239000
 102.239000
 102.239000
 102.239000
 102.239000
 102.239000
 102.539000
 102.539000
 102.539000
 102.539000
 102.539000
 102.539000
 102.539000
 102.539000
 102.539000
 102.539000
 102.838000
 102.838000
 102.838000
 102.838000
 102.838000
 102.838000
 102.838000
 102.838000
 102.838000
 102.838000
 103.130000
 103.130000
 103.130000
 103.130000
 103.130000
 103.130000
 103.130000
 103.130000
 103.130000
 103.130000
 103.429000
 103.429000
 103.429000
 103.429000
 103.429000
 103.429000
 103.429000
 103.429000
 103.429000
 103.429000
 103.681000
 103.681000
 103.681000
 103.681000
 103.681000
 103.681000
 103.681000
 103.681000
 103.681000
 103.681000
 103.681000
 103.914000
 103.914000
 103.914000
 103.914000
 103.914000
 103.914000
 103.914000
 103.914000
 103.914000
 103.914000
 104.078000
 104.078000
 104.078000
 104.078000
 104.078000
 104.078000
 104.078000
 104.078000
 104.078000
 104.182000
 104.182000
 104.182000
 104.182000
 104.182000
 104.182000
 104.182000
 104.182000
 104.182000
 104.182000
 104.193000
 104.193000
 104.193000
 104.193000
 104.193000
 104.193000
 104.193000
 104.193000
 104.193000
 104.193000
 104.120000
 104.120000
 104.120000
 104.120000
 104.120000
 104.120000
 104.120000
 104.120000
 104.120000
 104.120000
 103.998000
 103.998000
 103.998000
 103.998000
 103.998000
 103.998000
 103.998000
 103.998000
 103.998000
 103.998000
 103.780000
 103.780000
 103.780000
 103.780000
 103.780000
 103.780000
 103.780000
 103.780000
 103.780000
 103.780000
 103.526000
 103.526000
 103.526000
 103.526000
 103.526000
 103.526000
 103.526000
 103.526000
 103.526000
 103.526000
 103.526000
 103.217000
 103.217000
 103.217000
 103.217000
 103.217000
 103.217000
 103.217000
 103.217000
 103.217000
 103.217000
 102.919000
 102.919000
 102.919000
 102.919000
 102.919000
 102.919000
 102.919000
 102.919000
 102.919000
 102.919000
 102.610000
 102.610000
 102.610000
 102.610000
 102.610000
 102.610000
 102.610000
 102.610000
 102.610000
 102.610000
 102.356000
 102.356000
 102.356000
 102.356000
 102.356000
 102.356000
 102.356000
 102.356000
 102.356000
 102.130000
 102.130000
 102.130000
 102.130000
 102.130000
 102.130000
 102.130000
 102.130000
 102.130000
 102.130000
 101.974000
 101.974000
 101.974000
 101.974000
 101.974000
 101.974000
 101.974000
 101.974000
 101.974000
 101.974000
 101.974000
 101.887000
 101.887000
 101.887000
 101.887000
 101.887000
 101.887000
 101.887000
 101.887000
 101.887000
 101.779000
 101.779000
 101.779000
 101.779000
 101.779000
 101.779000
 101.779000
 101.779000
 101.779000
 101.749000
 101.749000
 101.749000
 101.749000
 101.749000
 101.749000
 101.749000
 101.749000
 101.749000
 101.749000
 101.772000
 101.772000
 101.772000
 101.772000
 101.772000
 101.772000
 101.772000
 101.772000
 101.772000
 101.772000
 101.817000
 101.817000
 101.817000
 101.817000
 101.817000
 101.817000
 101.817000
 101.817000
 101.817000
 101.892000
 101.892000
 101.892000
 101.892000
 101.892000
 101.892000
 101.892000
 101.892000
 101.892000
 101.892000
 101.991000
 101.991000
 101.991000
 101.991000
 101.991000
 101.991000
 101.991000
 101.991000
 101.991000
 101.991000
 102.083000
 102.083000
 102.083000
 102.083000
 102.083000
 102.083000
 102.083000
 102.083000
 102.083000
 102.083000
 102.139000
 102.139000
 102.139000
 102.139000
 102.139000
 102.139000
 102.139000
 102.139000
 102.139000
 102.139000
 102.155000
 102.155000
 102.155000
 102.155000
 102.155000
 102.155000
 102.155000
 102.155000
 102.155000
 102.149000
 102.149000
 102.149000
 102.149000
 102.149000
 102.149000
 102.149000
 102.110000
 102.110000
 102.110000
 102.110000
 102.110000
 102.110000
 102.110000
 102.110000
 102.110000
 102.068000
 102.068000
 102.068000
 102.068000
 102.068000
 102.068000
 102.068000
 102.068000
 102.068000
 102.013000
 102.013000
 102.013000
 102.013000
 102.013000
 102.013000
 102.013000
 102.013000
 102.013000
 102.013000
 101.955000
 101.955000
 101.955000
 101.955000
 101.955000
 101.955000
 101.955000
 101.955000
 101.911000
 101.911000
 101.911000
 101.911000
 101.911000
 101.911000
 101.911000
 101.911000
 101.911000
 101.911000
 101.911000
 101.793000
 101.793000
 101.793000
 101.793000
 101.793000
 101.793000
 101.793000
 101.674000
 101.674000
 101.674000
 101.674000
 101.674000
 101.674000
 101.674000
 101.674000
 101.674000
 101.674000
 101.564000
 101.564000
 101.564000
 101.564000
 101.564000
 101.564000
 101.564000
 101.564000
 101.564000
 101.564000
 101.495000
 101.495000
 101.495000
 101.495000
 101.495000
 101.495000
 101.495000
 101.495000
 101.495000
 101.495000
 101.425000
 101.425000
 101.425000
 101.425000
 101.425000
 101.425000
 101.425000
 101.425000
 101.425000
 101.425000
 101.351000
 101.351000
 101.351000
 101.351000
 101.351000
 101.351000
 101.351000
 101.351000
 101.351000
 101.351000
 101.314000
 101.314000
 101.314000
 101.314000
 101.314000
 101.314000
 101.314000
 101.314000
 101.314000
 101.314000
 101.314000
 101.283000
 101.283000
 101.283000
 101.283000
 101.283000
 101.283000
 101.283000
 101.283000
 101.283000
 101.268000
 101.268000
 101.268000
 101.268000
 101.268000
 101.268000
 101.268000
 101.268000
 101.268000
 101.268000
 101.267000
 101.267000
 101.267000
 101.267000
 101.267000
 101.267000
 101.267000
 101.267000
 101.267000
 101.267000
 101.305000
 101.305000
 101.305000
 101.305000
 101.305000
 101.305000
 101.305000
 101.305000
 101.305000
 101.305000
 101.351000
 101.351000
 101.351000
 101.351000
 101.351000
 101.351000
 101.351000
 101.351000
 101.351000
 101.351000
 101.351000
 101.400000
 101.400000
 101.400000
 101.400000
 101.400000
 101.400000
 101.400000
 101.400000
 101.400000
 101.449000
 101.449000
 101.449000
 101.449000
 101.449000
 101.449000
 101.449000
 101.449000
 101.449000
 101.449000
 101.482000
 101.482000
 101.482000
 101.482000
 101.482000
 101.482000
 101.482000
 101.482000
 101.482000
 101.482000
 101.565000
 101.565000
 101.565000
 101.565000
 101.565000
 101.565000
 101.565000
 101.565000
 101.565000
 101.565000
 101.621000
 101.621000
 101.621000
 101.621000
 101.621000
 101.621000
 101.621000
 101.621000
 101.621000
 101.621000
 101.674000
 101.674000
 101.674000
 101.674000
 101.674000
 101.674000
 101.674000
 101.674000
 101.674000
 101.674000
 101.714000
 101.714000
 101.714000
 101.714000
 101.714000
 101.714000
 101.714000
 101.714000
 101.714000
 101.737000
 101.737000
 101.737000
 101.737000
 101.737000
 101.737000
 101.737000
 101.737000
 101.737000
 101.737000
 101.772000
 101.772000
 101.772000
 101.772000
 101.772000
 101.772000
 101.772000
 101.772000
 101.772000
 101.772000
 101.772000
 101.761000
 101.761000
 101.761000
 101.761000
 101.761000
 101.761000
 101.761000
 101.761000
 101.761000
 101.761000
 101.715000
 101.715000
 101.715000
 101.715000
 101.715000
 101.715000
 101.715000
 101.715000
 101.715000
 101.715000
 101.676000
 101.676000
 101.676000
 101.676000
 101.676000
 101.676000
 101.676000
 101.676000
 101.676000
 101.676000
 101.611000
 101.611000
 101.611000
 101.611000
 101.611000
 101.611000
 101.611000
 101.611000
 101.611000
 101.611000
 101.529000
 101.529000
 101.529000
 101.529000
 101.529000
 101.529000
 101.529000
 101.529000
 101.529000
 101.529000
 101.529000
 101.499000
 101.499000
 101.499000
 101.499000
 101.499000
 101.499000
 101.499000
 101.499000
 101.499000
 101.496000
 101.496000
 101.496000
 101.496000
 101.496000
 101.496000
 101.496000
 101.496000
 101.496000
 101.496000
 101.505000
 101.505000
 101.505000
 101.505000
 101.505000
 101.505000
 101.505000
 101.505000
 101.505000
 101.505000
 101.505000
 101.508000
 101.508000
 101.508000
 101.508000
 101.508000
 101.508000
 101.508000
 101.508000
 101.508000
 101.504000
 101.504000
 101.504000
 101.504000
 101.504000
 101.504000
 101.504000
 101.504000
 101.504000
 101.504000
 101.491000
 101.491000
 101.491000
 101.491000
 101.491000
 101.491000
 101.491000
 101.491000
 101.491000
 101.491000
 101.463000
 101.463000
 101.463000
 101.463000
 101.463000
 101.463000
 101.463000
 101.463000
 101.431000
 101.431000
 101.431000
 101.431000
 101.431000
 101.431000
 101.431000
 101.431000
 101.431000
 101.431000
 101.431000
 101.407000
 101.407000
 101.407000
 101.407000
 101.407000
 101.407000
 101.407000
 101.407000
 101.407000
 101.407000
 101.349000
 101.349000
 101.349000
 101.349000
 101.349000
 101.349000
 101.349000
 101.349000
 101.349000
 101.349000
 101.281000
 101.281000
 101.281000
 101.281000
 101.281000
 101.281000
 101.281000
 101.281000
 101.281000
 101.206000
 101.206000
 101.206000
 101.206000
 101.206000
 101.206000
 101.206000
 101.206000
 101.206000
 101.206000
 101.138000
 101.138000
 101.138000
 101.138000
 101.138000
 101.138000
 101.138000
 101.138000
 101.138000
 101.138000
 101.138000
 101.093000
 101.093000
 101.093000
 101.093000
 101.093000
 101.093000
 101.093000
 101.093000
 101.093000
 101.093000
 101.066000
 101.066000
 101.066000
 101.066000
 101.066000
 101.066000
 101.066000
 101.066000
 101.066000
 101.066000
 101.046000
 101.046000
 101.046000
 101.046000
 101.046000
 101.046000
 101.046000
 101.046000
 101.046000
 101.046000
 101.032000
 101.032000
 101.032000
 101.032000
 101.032000
 101.032000
 101.032000
 101.032000
 101.032000
 101.032000
 101.040000
 101.040000
 101.040000
 101.040000
 101.040000
 101.040000
 101.040000
 101.040000
 101.040000
 101.040000
 101.088000
 101.088000
 101.088000
 101.088000
 101.088000
 101.088000
 101.088000
 101.088000
 101.088000
 101.088000
 101.179000
 101.179000
 101.179000
 101.179000
 101.179000
 101.179000
 101.179000
 101.179000
 101.179000
 101.316000
 101.316000
 101.316000
 101.316000
 101.316000
 101.316000
 101.316000
 101.316000
 101.316000
 101.469000
 101.469000
 101.469000
 101.469000
 101.469000
 101.469000
 101.469000
 101.469000
 101.469000
 101.612000
 101.612000
 101.612000
 101.612000
 101.612000
 101.612000
 101.612000
 101.612000
 101.612000
 101.612000
 101.775000
 101.775000
 101.775000
 101.775000
 101.775000
 101.775000
 101.775000
 101.775000
 101.775000
 101.775000
 101.870000
 101.870000
 101.870000
 101.870000
 101.870000
 101.870000
 101.870000
 101.870000
 101.870000
 101.870000
 102.026000
 102.026000
 102.026000
 102.026000
 102.026000
 102.026000
 102.026000
 102.026000
 102.026000
 102.026000
 102.066000
 102.066000
 102.066000
 102.066000
 102.066000
 102.066000
 102.066000
 102.066000
 102.066000
 102.066000
 102.041000
 102.041000
 102.041000
 102.041000
 102.041000
 102.041000
 102.041000
 102.041000
 102.041000
 102.041000
 101.955000
 101.955000
 101.955000
 101.955000
 101.955000
 101.955000
 101.955000
 101.955000
 101.838000
 101.838000
 101.838000
 101.838000
 101.838000
 101.838000
 101.838000
 101.838000
 101.838000
 101.838000
 101.838000
 101.678000
 101.678000
 101.678000
 101.678000
 101.678000
 101.678000
 101.678000
 101.678000
 101.678000
 101.678000
 101.530000
 101.530000
 101.530000
 101.530000
 101.530000
 101.530000
 101.530000
 101.530000
 101.530000
 101.530000
 101.396000
 101.396000
 101.396000
 101.396000
 101.396000
 101.396000
 101.396000
 101.396000
 101.396000
 101.396000
 101.295000
 101.295000
 101.295000
 101.295000
 101.295000
 101.295000
 101.295000
 101.295000
 101.295000
 101.295000
 101.226000
 101.226000
 101.226000
 101.226000
 101.226000
 101.226000
 101.226000
 101.226000
 101.226000
 101.226000
 101.175000
 101.175000
 101.175000
 101.175000
 101.175000
 101.175000
 101.175000
 101.175000
 101.175000
 101.175000
 101.130000
 101.130000
 101.130000
 101.130000
 101.130000
 101.130000
 101.130000
 101.130000
 101.130000
 101.130000
 101.098000
 101.098000
 101.098000
 101.098000
 101.098000
 101.098000
 101.098000
 101.098000
 101.098000
 101.098000
 101.094000
 101.094000
 101.094000
 101.094000
 101.094000
 101.094000
 101.094000
 101.094000
 101.094000
 101.094000
 101.096000
 101.096000
 101.096000
 101.096000
 101.096000
 101.096000
 101.096000
 101.096000
 101.096000
 101.096000
 101.156000
 101.156000
 101.156000
 101.156000
 101.156000
 101.156000
 101.156000
 101.156000
 101.156000
 101.156000
 101.217000
 101.217000
 101.217000
 101.217000
 101.217000
 101.217000
 101.217000
 101.217000
 101.217000
 101.217000
 101.257000
 101.257000
 101.257000
 101.257000
 101.257000
 101.257000
 101.257000
 101.257000
 101.257000
 101.257000
 101.312000
 101.312000
 101.312000
 101.312000
 101.312000
 101.312000
 101.312000
 101.312000
 101.312000
 101.312000
 101.350000
 101.350000
 101.350000
 101.350000
 101.350000
 101.350000
 101.350000
 101.350000
 101.350000
 101.350000
 101.389000
 101.389000
 101.389000
 101.389000
 101.389000
 101.389000
 101.389000
 101.389000
 101.389000
 101.389000
 101.431000
 101.431000
 101.431000
 101.431000
 101.431000
 101.431000
 101.431000
 101.431000
 101.431000
 101.459000
 101.459000
 101.459000
 101.459000
 101.459000
 101.459000
 101.459000
 101.459000
 101.459000
 101.459000
 101.522000
 101.522000
 101.522000
 101.522000
 101.522000
 101.522000
 101.522000
 101.522000
 101.522000
 101.522000
 101.522000
 101.557000
 101.557000
 101.557000
 101.557000
 101.557000
 101.557000
 101.557000
 101.557000
 101.557000
 101.557000
 101.575000
 101.575000
 101.575000
 101.575000
 101.575000
 101.575000
 101.575000
 101.575000
 101.575000
 101.575000
 101.579000
 101.579000
 101.579000
 101.579000
 101.579000
 101.579000
 101.579000
 101.579000
 101.579000
 101.579000
 101.571000
 101.571000
 101.571000
 101.571000
 101.571000
 101.571000
 101.571000
 101.571000
 101.571000
 101.571000
 101.550000
 101.550000
 101.550000
 101.550000
 101.550000
 101.550000
 101.550000
 101.550000
 101.550000
 101.550000
 101.458000
 101.458000
 101.458000
 101.458000
 101.458000
 101.458000
 101.458000
 101.458000
 101.458000
 101.458000
 101.333000
 101.333000
 101.333000
 101.333000
 101.333000
 101.333000
 101.333000
 101.333000
 101.333000
 101.333000
 101.151000
 101.151000
 101.151000
 101.151000
 101.151000
 101.151000
 101.151000
 101.151000
 101.151000
 101.151000
 100.943000
 100.943000
 100.943000
 100.943000
 100.943000
 100.943000
 100.943000
 100.943000
 100.943000
 100.943000
 100.665000
 100.665000
 100.665000
 100.665000
 100.665000
 100.665000
 100.665000
 100.665000
 100.665000
 100.665000
 100.465000
 100.465000
 100.465000
 100.465000
 100.465000
 100.465000
 100.465000
 100.465000
 100.465000
 100.465000
 99.979700
 99.979700
 99.979700
 99.979700
 99.979700
 99.979700
 99.979700
 99.979700
 99.979700
 99.979700
 99.603300
 99.603300
 99.603300
 99.603300
 99.603300
 99.603300
 99.603300
 99.603300
 99.603300
 99.603300
 99.313300
 99.313300
 99.313300
 99.313300
 99.313300
 99.313300
 99.313300
 99.313300
 99.313300
 98.926200
 98.926200
 98.926200
 98.926200
 98.926200
 98.926200
 98.926200
 98.926200
 98.926200
 98.926200
 98.926200
 98.552000
 98.552000
 98.552000
 98.552000
 98.552000
 98.552000
 98.552000
 98.552000
 98.552000
 98.552000
 98.060100
 98.060100
 98.060100
 98.060100
 98.060100
 98.060100
 98.060100
 98.060100
 98.060100
 98.060100
 97.815100
 97.815100
 97.815100
 97.815100
 97.815100
 97.815100
 97.815100
 97.815100
 97.815100
 97.815100
 97.397400
 97.397400
 97.397400
 97.397400
 97.397400
 97.397400
 97.397400
 97.397400
 97.397400
 97.397400
 97.070700
 97.070700
 97.070700
 97.070700
 97.070700
 97.070700
 97.070700
 97.070700
 97.070700
 97.070700
 96.770600
 96.770600
 96.770600
 96.770600
 96.770600
 96.770600
 96.770600
 96.770600
 96.770600
 96.770600
 96.472100
 96.472100
 96.472100
 96.472100
 96.472100
 96.472100
 96.472100
 96.472100
 96.472100
 96.472100
 96.246700
 96.246700
 96.246700
 96.246700
 96.246700
 96.246700
 96.246700
 96.246700
 96.246700
 95.799600
 95.799600
 95.799600
 95.799600
 95.799600
 95.799600
 95.799600
 95.799600
 95.799600
 95.799600
 95.481400
 95.481400
 95.481400
 95.481400
 95.481400
 95.481400
 95.481400
 95.481400
 95.481400
 95.133700
 95.133700
 95.133700
 95.133700
 95.133700
 95.133700
 95.133700
 95.133700
 95.133700
 95.133700
 95.133700
 94.816500
 94.816500
 94.816500
 94.816500
 94.816500
 94.816500
 94.816500
 94.816500
 94.816500
 94.816500
 94.510800
 94.510800
 94.510800
 94.510800
 94.510800
 94.510800
 94.510800
 94.510800
 94.510800
 94.510800
 94.294600
 94.294600
 94.294600
 94.294600
 94.294600
 94.294600
 94.294600
 94.294600
 94.294600
 94.294600
 93.920200
 93.920200
 93.920200
 93.920200
 93.920200
 93.920200
 93.920200
 93.920200
 93.920200
 93.920200
 93.670200
 93.670200
 93.670200
 93.670200
 93.670200
 93.670200
 93.670200
 93.670200
 93.670200
 93.670200
 93.400800
 93.400800
 93.400800
 93.400800
 93.400800
 93.400800
 93.400800
 93.400800
 93.400800
 93.400800
 93.147600
 93.147600
 93.147600
 93.147600
 93.147600
 93.147600
 93.147600
 93.147600
 93.147600
 93.147600
 92.881400
 92.881400
 92.881400
 92.881400
 92.881400
 92.881400
 92.881400
 92.881400
 92.881400
 92.881400
 92.621300
 92.621300
 92.621300
 92.621300
 92.621300
 92.621300
 92.621300
 92.621300
 92.621300
 92.621300
 92.391000
 92.391000
 92.391000
 92.391000
 92.391000
 92.391000
 92.391000
 92.391000
 92.391000
 92.391000
 92.166800
 92.166800
 92.166800
 92.166800
 92.166800
 92.166800
 92.166800
 92.166800
 92.166800
 92.166800
 91.925700
 91.925700
 91.925700
 91.925700
 91.925700
 91.925700
 91.925700
 91.925700
 91.925700
 91.925700
 91.686700
 91.686700
 91.686700
 91.686700
 91.686700
 91.686700
 91.686700
 91.686700
 91.686700
 91.686700
 91.468700
 91.468700
 91.468700
 91.468700
 91.468700
 91.468700
 91.468700
 91.468700
 91.468700
 91.468700
 91.234000
 91.234000
 91.234000
 91.234000
 91.234000
 91.234000
 91.234000
 91.234000
 91.234000
 91.234000
 91.089400
 91.089400
 91.089400
 91.089400
 91.089400
 91.089400
 91.089400
 91.089400
 91.089400
 91.089400
 90.801800
 90.801800
 90.801800
 90.801800
 90.801800
 90.801800
 90.801800
 90.801800
 90.801800
 90.801800
 90.567200
 90.567200
 90.567200
 90.567200
 90.567200
 90.567200
 90.567200
 90.567200
 90.567200
 90.567200
 90.328800
 90.328800
 90.328800
 90.328800
 90.328800
 90.328800
 90.328800
 90.328800
 90.328800
 90.328800
 90.101900
 90.101900
 90.101900
 90.101900
 90.101900
 90.101900
 90.101900
 90.101900
 90.101900
 90.101900
 89.869600
 89.869600
 89.869600
 89.869600
 89.869600
 89.869600
 89.869600
 89.869600
 89.869600
 89.869600
 89.619300
 89.619300
 89.619300
 89.619300
 89.619300
 89.619300
 89.619300
 89.619300
 89.619300
 89.619300
 89.369600
 89.369600
 89.369600
 89.369600
 89.369600
 89.369600
 89.369600
 89.369600
 89.369600
 89.369600
 89.146900
 89.146900
 89.146900
 89.146900
 89.146900
 89.146900
 89.146900
 89.146900
 89.146900
 89.146900
 88.918400
 88.918400
 88.918400
 88.918400
 88.918400
 88.918400
 88.918400
 88.918400
 88.918400
 88.918400
 88.716300
 88.716300
 88.716300
 88.716300
 88.716300
 88.716300
 88.716300
 88.716300
 88.716300
 88.716300
 88.518400
 88.518400
 88.518400
 88.518400
 88.518400
 88.518400
 88.518400
 88.518400
 88.518400
 88.518400
 88.316900
 88.316900
 88.316900
 88.316900
 88.316900
 88.316900
 88.316900
 88.316900
 88.316900
 88.316900
 88.201600
 88.201600
 88.201600
 88.201600
 88.201600
 88.201600
 88.201600
 88.201600
 88.201600
 88.201600
 87.964700
 87.964700
 87.964700
 87.964700
 87.964700
 87.964700
 87.964700
 87.964700
 87.964700
 87.964700
 87.783200
 87.783200
 87.783200
 87.783200
 87.783200
 87.783200
 87.783200
 87.783200
 87.783200
 87.783200
 87.616200
 87.616200
 87.616200
 87.616200
 87.616200
 87.616200
 87.616200
 87.616200
 87.616200
 87.616200
 87.508800
 87.508800
 87.508800
 87.508800
 87.508800
 87.508800
 87.508800
 87.508800
 87.508800
 87.508800
 87.286100
 87.286100
 87.286100
 87.286100
 87.286100
 87.286100
 87.286100
 87.286100
 87.286100
 87.286100
 87.118300
 87.118300
 