 -17.681800
 -17.681800
 -17.681800
 -17.681800
 -16.236200
 -16.236200
 -16.236200
 -16.236200
 -16.236200
 -16.236200
 -16.236200
 -16.236200
 -16.236200
 -16.236200
 -16.236200
 -13.127000
 -13.127000
 -13.127000
 -13.127000
 -13.127000
 -13.127000
 -13.127000
 -13.127000
 -13.127000
 -13.127000
 -10.719600
 -10.719600
 -10.719600
 -10.719600
 -10.719600
 -10.719600
 -10.719600
 -10.719600
 -10.719600
 -10.719600
 -8.473890
 -8.473890
 -8.473890
 -8.473890
 -8.473890
 -8.473890
 -8.473890
 -8.473890
 -8.473890
 -6.026170
 -6.026170
 -6.026170
 -6.026170
 -6.026170
 -6.026170
 -6.026170
 -6.026170
 -6.026170
 -6.026170
 -6.026170
 -3.760850
 -3.760850
 -3.760850
 -3.760850
 -3.760850
 -3.760850
 -3.760850
 -3.760850
 -3.760850
 -3.760850
 -1.301660
 -1.301660
 -1.301660
 -1.301660
 -1.301660
 -1.301660
 -1.301660
 -1.301660
 -1.301660
 -1.301660
 0.976825
 0.976825
 0.976825
 0.976825
 0.976825
 0.976825
 0.976825
 0.976825
 2.691160
 2.691160
 2.691160
 2.691160
 2.691160
 2.691160
 2.691160
 2.691160
 2.691160
 2.691160
 2.691160
 5.752090
 5.752090
 5.752090
 5.752090
 5.752090
 5.752090
 5.752090
 5.752090
 5.752090
 5.752090
 8.250400
 8.250400
 8.250400
 8.250400
 8.250400
 8.250400
 8.250400
 8.250400
 8.250400
 10.561300
 10.561300
 10.561300
 10.561300
 10.561300
 10.561300
 10.561300
 10.561300
 10.561300
 10.561300
 10.561300
 13.065400
 13.065400
 13.065400
 13.065400
 13.065400
 13.065400
 13.065400
 13.065400
 13.065400
 15.376500
 15.376500
 15.376500
 15.376500
 15.376500
 15.376500
 15.376500
 15.376500
 15.376500
 15.376500
 17.875500
 17.875500
 17.875500
 17.875500
 17.875500
 17.875500
 17.875500
 17.875500
 17.875500
 20.179300
 20.179300
 20.179300
 20.179300
 20.179300
 20.179300
 20.179300
 20.179300
 20.179300
 20.179300
 20.179300
 22.670100
 22.670100
 22.670100
 22.670100
 22.670100
 22.670100
 22.670100
 22.670100
 22.670100
 24.198100
 24.198100
 24.198100
 24.198100
 24.198100
 24.198100
 24.198100
 24.198100
 24.198100
 24.198100
 24.198100
 27.444200
 27.444200
 27.444200
 27.444200
 27.444200
 27.444200
 27.444200
 27.444200
 27.444200
 27.444200
 29.724200
 29.724200
 29.724200
 29.724200
 29.724200
 29.724200
 29.724200
 29.724200
 29.724200
 32.179900
 32.179900
 32.179900
 32.179900
 32.179900
 32.179900
 32.179900
 32.179900
 32.179900
 32.179900
 32.179900
 34.435900
 34.435900
 34.435900
 34.435900
 34.435900
 34.435900
 34.435900
 34.435900
 34.435900
 34.435900
 36.861400
 36.861400
 36.861400
 36.861400
 36.861400
 36.861400
 36.861400
 36.861400
 36.861400
 39.088100
 39.088100
 39.088100
 39.088100
 39.088100
 39.088100
 39.088100
 39.088100
 39.088100
 39.088100
 39.088100
 41.475800
 41.475800
 41.475800
 41.475800
 41.475800
 41.475800
 41.475800
 41.475800
 41.475800
 41.475800
 43.663800
 43.663800
 43.663800
 43.663800
 43.663800
 43.663800
 43.663800
 43.663800
 43.663800
 43.663800
 45.110500
 45.110500
 45.110500
 45.110500
 45.110500
 45.110500
 45.110500
 45.110500
 47.432400
 47.432400
 47.432400
 47.432400
 47.432400
 47.432400
 47.432400
 47.432400
 47.432400
 47.432400
 47.432400
 50.443900
 50.443900
 50.443900
 50.443900
 50.443900
 50.443900
 50.443900
 50.443900
 50.443900
 50.443900
 50.443900
 51.844400
 51.844400
 51.844400
 51.844400
 51.844400
 51.844400
 51.844400
 51.844400
 51.844400
 54.793300
 54.793300
 54.793300
 54.793300
 54.793300
 54.793300
 54.793300
 54.793300
 54.793300
 54.793300
 54.793300
 56.157700
 56.157700
 56.157700
 56.157700
 56.157700
 56.157700
 56.157700
 56.157700
 56.157700
 59.045900
 59.045900
 59.045900
 59.045900
 59.045900
 59.045900
 59.045900
 59.045900
 59.045900
 59.045900
 60.356600
 60.356600
 60.356600
 60.356600
 60.356600
 60.356600
 60.356600
 60.356600
 60.356600
 63.081700
 63.081700
 63.081700
 63.081700
 63.081700
 63.081700
 63.081700
 63.081700
 63.081700
 63.081700
 64.949900
 64.949900
 64.949900
 64.949900
 64.949900
 64.949900
 64.949900
 64.949900
 64.949900
 64.949900
 66.925500
 66.925500
 66.925500
 66.925500
 66.925500
 66.925500
 66.925500
 66.925500
 66.925500
 66.925500
 66.925500
 68.719400
 68.719400
 68.719400
 68.719400
 68.719400
 68.719400
 68.719400
 68.719400
 68.719400
 68.719400
 70.624900
 70.624900
 70.624900
 70.624900
 70.624900
 70.624900
 70.624900
 70.624900
 71.776500
 71.776500
 71.776500
 71.776500
 71.776500
 71.776500
 71.776500
 71.776500
 71.776500
 71.776500
 74.186200
 74.186200
 74.186200
 74.186200
 74.186200
 74.186200
 74.186200
 74.186200
 74.186200
 74.186200
 74.186200
 75.290600
 75.290600
 75.290600
 75.290600
 75.290600
 75.290600
 75.290600
 75.290600
 77.584400
 77.584400
 77.584400
 77.584400
 77.584400
 77.584400
 77.584400
 77.584400
 77.584400
 77.584400
 77.584400
 79.148100
 79.148100
 79.148100
 79.148100
 79.148100
 79.148100
 79.148100
 79.148100
 79.148100
 80.789300
 80.789300
 80.789300
 80.789300
 80.789300
 80.789300
 80.789300
 80.789300
 82.254900
 82.254900
 82.254900
 82.254900
 82.254900
 82.254900
 82.254900
 82.254900
 82.254900
 82.254900
 83.670900
 83.670900
 83.670900
 83.670900
 83.670900
 83.670900
 83.670900
 83.670900
 83.670900
 83.670900
 85.148200
 85.148200
 85.148200
 85.148200
 85.148200
 85.148200
 85.148200
 85.148200
 85.148200
 86.567100
 86.567100
 86.567100
 86.567100
 86.567100
 86.567100
 86.567100
 86.567100
 86.567100
 86.567100
 87.826600
 87.826600
 87.826600
 87.826600
 87.826600
 87.826600
 87.826600
 87.826600
 87.826600
 87.826600
 89.136800
 89.136800
 89.136800
 89.136800
 89.136800
 89.136800
 89.136800
 89.136800
 89.136800
 90.308700
 90.308700
 90.308700
 90.308700
 90.308700
 90.308700
 90.308700
 90.308700
 90.308700
 90.308700
 90.308700
 91.075400
 91.075400
 91.075400
 91.075400
 91.075400
 91.075400
 91.075400
 91.075400
 91.075400
 91.075400
 92.676000
 92.676000
 92.676000
 92.676000
 92.676000
 92.676000
 92.676000
 92.676000
 92.676000
 92.676000
 93.888300
 93.888300
 93.888300
 93.888300
 93.888300
 93.888300
 93.888300
 93.888300
 93.888300
 93.888300
 95.005000
 95.005000
 95.005000
 95.005000
 95.005000
 95.005000
 95.005000
 95.005000
 95.005000
 95.005000
 96.122600
 96.122600
 96.122600
 96.122600
 96.122600
 96.122600
 96.122600
 96.122600
 97.340600
 97.340600
 97.340600
 97.340600
 97.340600
 97.340600
 97.340600
 97.340600
 97.340600
 97.340600
 98.574700
 98.574700
 98.574700
 98.574700
 98.574700
 98.574700
 98.574700
 98.574700
 98.574700
 98.574700
 99.343600
 99.343600
 99.343600
 99.343600
 99.343600
 99.343600
 99.343600
 99.343600
 99.343600
 99.343600
 99.343600
 101.031000
 101.031000
 101.031000
 101.031000
 101.031000
 101.031000
 101.031000
 101.031000
 101.031000
 101.031000
 101.845000
 101.845000
 101.845000
 101.845000
 101.845000
 101.845000
 101.845000
 101.845000
 101.845000
 101.845000
 103.645000
 103.645000
 103.645000
 103.645000
 103.645000
 103.645000
 103.645000
 103.645000
 103.645000
 104.963000
 104.963000
 104.963000
 104.963000
 104.963000
 104.963000
 104.963000
 104.963000
 104.963000
 104.963000
 106.430000
 106.430000
 106.430000
 106.430000
 106.430000
 106.430000
 106.430000
 106.430000
 106.430000
 106.430000
 106.430000
 107.819000
 107.819000
 107.819000
 107.819000
 107.819000
 107.819000
 107.819000
 107.819000
 107.819000
 107.819000
 108.883000
 108.883000
 108.883000
 108.883000
 108.883000
 108.883000
 108.883000
 108.883000
 108.883000
 108.883000
 110.806000
 110.806000
 110.806000
 110.806000
 110.806000
 110.806000
 110.806000
 110.806000
 110.806000
 110.806000
 111.783000
 111.783000
 111.783000
 111.783000
 111.783000
 111.783000
 111.783000
 111.783000
 111.783000
 113.879000
 113.879000
 113.879000
 113.879000
 113.879000
 113.879000
 113.879000
 113.879000
 113.879000
 113.879000
 113.879000
 115.501000
 115.501000
 115.501000
 115.501000
 115.501000
 115.501000
 115.501000
 115.501000
 115.501000
 115.501000
 116.503000
 116.503000
 116.503000
 116.503000
 116.503000
 116.503000
 116.503000
 116.503000
 116.503000
 116.503000
 118.655000
 118.655000
 118.655000
 118.655000
 118.655000
 118.655000
 118.655000
 118.655000
 118.655000
 118.655000
 120.210000
 120.210000
 120.210000
 120.210000
 120.210000
 120.210000
 120.210000
 120.210000
 120.210000
 120.210000
 121.750000
 121.750000
 121.750000
 121.750000
 121.750000
 121.750000
 121.750000
 121.750000
 121.750000
 121.750000
 122.908000
 122.908000
 122.908000
 122.908000
 122.908000
 122.908000
 122.908000
 122.908000
 122.908000
 122.908000
 124.987000
 124.987000
 124.987000
 124.987000
 124.987000
 124.987000
 124.987000
 124.987000
 124.987000
 124.987000
 126.692000
 126.692000
 126.692000
 126.692000
 126.692000
 126.692000
 126.692000
 126.692000
 126.692000
 126.692000
 128.279000
 128.279000
 128.279000
 128.279000
 128.279000
 128.279000
 128.279000
 128.279000
 128.279000
 128.279000
 129.475000
 129.475000
 129.475000
 129.475000
 129.475000
 129.475000
 129.475000
 129.475000
 129.475000
 129.475000
 131.082000
 131.082000
 131.082000
 131.082000
 131.082000
 131.082000
 131.082000
 131.082000
 131.082000
 133.370000
 133.370000
 133.370000
 133.370000
 133.370000
 133.370000
 133.370000
 133.370000
 133.370000
 134.995000
 134.995000
 134.995000
 134.995000
 134.995000
 134.995000
 134.995000
 134.995000
 134.995000
 134.995000
 136.770000
 136.770000
 136.770000
 136.770000
 136.770000
 136.770000
 136.770000
 136.770000
 136.770000
 136.770000
 136.770000
 138.421000
 138.421000
 138.421000
 138.421000
 138.421000
 138.421000
 138.421000
 138.421000
 138.421000
 138.421000
 139.664000
 139.664000
 139.664000
 139.664000
 139.664000
 139.664000
 139.664000
 139.664000
 139.664000
 141.887000
 141.887000
 141.887000
 141.887000
 141.887000
 141.887000
 141.887000
 141.887000
 141.887000
 141.887000
 143.705000
 143.705000
 143.705000
 143.705000
 143.705000
 143.705000
 143.705000
 143.705000
 143.705000
 143.705000
 145.392000
 145.392000
 145.392000
 145.392000
 145.392000
 145.392000
 145.392000
 145.392000
 145.392000
 145.392000
 146.661000
 146.661000
 146.661000
 146.661000
 146.661000
 146.661000
 146.661000
 146.661000
 146.661000
 146.661000
 148.925000
 148.925000
 148.925000
 148.925000
 148.925000
 148.925000
 148.925000
 148.925000
 148.925000
 148.925000
 148.925000
 150.775000
 150.775000
 150.775000
 150.775000
 150.775000
 150.775000
 150.775000
 150.775000
 150.775000
 152.491000
 152.491000
 152.491000
 152.491000
 152.491000
 152.491000
 152.491000
 152.491000
 152.491000
 152.491000
 153.783000
 153.783000
 153.783000
 153.783000
 153.783000
 153.783000
 153.783000
 153.783000
 153.783000
 153.783000
 156.090000
 156.090000
 156.090000
 156.090000
 156.090000
 156.090000
 156.090000
 156.090000
 156.090000
 156.090000
 157.970000
 157.970000
 157.970000
 157.970000
 157.970000
 157.970000
 157.970000
 157.970000
 157.970000
 157.970000
 159.710000
 159.710000
 159.710000
 159.710000
 159.710000
 159.710000
 159.710000
 159.710000
 159.710000
 159.710000
 161.603000
 161.603000
 161.603000
 161.603000
 161.603000
 161.603000
 161.603000
 161.603000
 161.603000
 161.603000
 161.603000
 162.772000
 162.772000
 162.772000
 162.772000
 162.772000
 162.772000
 162.772000
 162.772000
 162.772000
 162.772000
 165.261000
 165.261000
 165.261000
 165.261000
 165.261000
 165.261000
 165.261000
 165.261000
 165.261000
 165.261000
 167.021000
 167.021000
 167.021000
 167.021000
 167.021000
 167.021000
 167.021000
 167.021000
 167.021000
 168.930000
 168.930000
 168.930000
 168.930000
 168.930000
 168.930000
 168.930000
 168.930000
 168.930000
 168.930000
 170.697000
 170.697000
 170.697000
 170.697000
 170.697000
 170.697000
 170.697000
 170.697000
 170.697000
 170.697000
 172.616000
 172.616000
 172.616000
 172.616000
 172.616000
 172.616000
 172.616000
 172.616000
 172.616000
 172.616000
 174.389000
 174.389000
 174.389000
 174.389000
 174.389000
 174.389000
 174.389000
 174.389000
 174.389000
 174.389000
 175.724000
 175.724000
 175.724000
 175.724000
 175.724000
 175.724000
 175.724000
 175.724000
 175.724000
 175.724000
 178.076000
 178.076000
 178.076000
 178.076000
 178.076000
 178.076000
 178.076000
 178.076000
 178.076000
 178.076000
 179.994000
 179.994000
 179.994000
 179.994000
 179.994000
 179.994000
 179.994000
 179.994000
 179.994000
 179.994000
 181.771000
 181.771000
 181.771000
 181.771000
 181.771000
 181.771000
 181.771000
 181.771000
 181.771000
 181.771000
 183.696000
 183.696000
 183.696000
 183.696000
 183.696000
 183.696000
 183.696000
 183.696000
 183.696000
 183.696000
 185.479000
 185.479000
 185.479000
 185.479000
 185.479000
 185.479000
 185.479000
 185.479000
 185.479000
 185.479000
 185.479000
 187.411000
 187.411000
 187.411000
 187.411000
 187.411000
 187.411000
 187.411000
 187.411000
 187.411000
 189.192000
 189.192000
 189.192000
 189.192000
 189.192000
 189.192000
 189.192000
 189.192000
 189.192000
 189.192000
 191.080000
 191.080000
 191.080000
 191.080000
 191.080000
 191.080000
 191.080000
 191.080000
 191.080000
 191.080000
 193.021000
 193.021000
 193.021000
 193.021000
 193.021000
 193.021000
 193.021000
 193.021000
 193.021000
 193.021000
 194.813000
 194.813000
 194.813000
 194.813000
 194.813000
 194.813000
 194.813000
 194.813000
 194.813000
 194.813000
 194.813000
 196.760000
 196.760000
 196.760000
 196.760000
 196.760000
 196.760000
 196.760000
 196.760000
 197.958000
 197.958000
 197.958000
 197.958000
 197.958000
 197.958000
 197.958000
 197.958000
 197.958000
 197.958000
 197.958000
 199.902000
 199.902000
 199.902000
 199.902000
 199.902000
 199.902000
 199.902000
 199.902000
 199.902000
 199.902000
 201.702000
 201.702000
 201.702000
 201.702000
 201.702000
 201.702000
 201.702000
 201.702000
 201.702000
 201.702000
 203.642000
 203.642000
 203.642000
 203.642000
 203.642000
 203.642000
 203.642000
 203.642000
 203.642000
 203.642000
 203.642000
 206.037000
 206.037000
 206.037000
 206.037000
 206.037000
 206.037000
 206.037000
 206.037000
 207.985000
 207.985000
 207.985000
 207.985000
 207.985000
 207.985000
 207.985000
 207.985000
 207.985000
 207.985000
 209.778000
 209.778000
 209.778000
 209.778000
 209.778000
 209.778000
 209.778000
 209.778000
 209.778000
 209.778000
 211.718000
 211.718000
 211.718000
 211.718000
 211.718000
 211.718000
 211.718000
 211.718000
 211.718000
 211.718000
 213.507000
 213.507000
 213.507000
 213.507000
 213.507000
 213.507000
 213.507000
 213.507000
 213.507000
 213.507000
 213.507000
 215.429000
 215.429000
 215.429000
 215.429000
 215.429000
 215.429000
 215.429000
 215.429000
 215.429000
 216.617000
 216.617000
 216.617000
 216.617000
 216.617000
 216.617000
 216.617000
 216.617000
 216.617000
 216.617000
 218.538000
 218.538000
 218.538000
 218.538000
 218.538000
 218.538000
 218.538000
 218.538000
 218.538000
 220.911000
 220.911000
 220.911000
 220.911000
 220.911000
 220.911000
 220.911000
 220.911000
 220.911000
 220.911000
 220.911000
 222.836000
 222.836000
 222.836000
 222.836000
 222.836000
 222.836000
 222.836000
 222.836000
 222.836000
 222.836000
 224.023000
 224.023000
 224.023000
 224.023000
 224.023000
 224.023000
 224.023000
 224.023000
 224.023000
 224.023000
 226.531000
 226.531000
 226.531000
 226.531000
 226.531000
 226.531000
 226.531000
 226.531000
 226.531000
 226.531000
 228.302000
 228.302000
 228.302000
 228.302000
 228.302000
 228.302000
 228.302000
 228.302000
 228.302000
 228.302000
 228.302000
 230.212000
 230.212000
 230.212000
 230.212000
 230.212000
 230.212000
 230.212000
 230.212000
 230.212000
 230.212000
 231.393000
 231.393000
 231.393000
 231.393000
 231.393000
 231.393000
 231.393000
 231.393000
 231.393000
 231.393000
 233.895000
 233.895000
 233.895000
 233.895000
 233.895000
 233.895000
 233.895000
 233.895000
 233.895000
 233.895000
 235.665000
 235.665000
 235.665000
 235.665000
 235.665000
 235.665000
 235.665000
 235.665000
 235.665000
 237.586000
 237.586000
 237.586000
 237.586000
 237.586000
 237.586000
 237.586000
 237.586000
 237.586000
 237.586000
 238.772000
 238.772000
 238.772000
 238.772000
 238.772000
 238.772000
 238.772000
 238.772000
 238.772000
 238.772000
 241.286000
 241.286000
 241.286000
 241.286000
 241.286000
 241.286000
 241.286000
 241.286000
 241.286000
 241.286000
 243.067000
 243.067000
 243.067000
 243.067000
 243.067000
 243.067000
 243.067000
 243.067000
 243.067000
 243.067000
 245.008000
 245.008000
 245.008000
 245.008000
 245.008000
 245.008000
 245.008000
 245.008000
 245.008000
 245.008000
 246.801000
 246.801000
 246.801000
 246.801000
 246.801000
 246.801000
 246.801000
 246.801000
 246.801000
 246.801000
 248.750000
 248.750000
 248.750000
 248.750000
 248.750000
 248.750000
 248.750000
 248.750000
 248.750000
 248.750000
 248.750000
 250.545000
 250.545000
 250.545000
 250.545000
 250.545000
 250.545000
 250.545000
 250.545000
 250.545000
 250.545000
 251.893000
 251.893000
 251.893000
 251.893000
 251.893000
 251.893000
 251.893000
 251.893000
 251.893000
 254.297000
 254.297000
 254.297000
 254.297000
 254.297000
 254.297000
 254.297000
 254.297000
 254.297000
 254.297000
 254.297000
 256.253000
 256.253000
 256.253000
 256.253000
 256.253000
 256.253000
 256.253000
 256.253000
 256.253000
 256.253000
 257.459000
 257.459000
 257.459000
 257.459000
 257.459000
 257.459000
 257.459000
 260.007000
 260.007000
 260.007000
 260.007000
 260.007000
 260.007000
 260.007000
 260.007000
 260.007000
 260.007000
 261.801000
 261.801000
 261.801000
 261.801000
 261.801000
 261.801000
 261.801000
 261.801000
 261.801000
 261.801000
 263.138000
 263.138000
 263.138000
 263.138000
 263.138000
 263.138000
 263.138000
 263.138000
 263.138000
 263.138000
 265.502000
 265.502000
 265.502000
 265.502000
 265.502000
 265.502000
 265.502000
 265.502000
 265.502000
 265.502000
 267.202000
 267.202000
 267.202000
 267.202000
 267.202000
 267.202000
 267.202000
 267.202000
 267.202000
 267.202000
 268.982000
 268.982000
 268.982000
 268.982000
 268.982000
 268.982000
 268.982000
 268.982000
 268.982000
 268.982000
 270.695000
 270.695000
 270.695000
 270.695000
 270.695000
 270.695000
 270.695000
 270.695000
 270.695000
 270.695000
 270.695000
 272.216000
 272.216000
 272.216000
 272.216000
 272.216000
 272.216000
 272.216000
 272.216000
 273.682000
 273.682000
 273.682000
 273.682000
 273.682000
 273.682000
 273.682000
 273.682000
 273.682000
 273.682000
 273.682000
 275.197000
 275.197000
 275.197000
 275.197000
 275.197000
 275.197000
 275.197000
 275.197000
 275.197000
 275.197000
 276.634000
 276.634000
 276.634000
 276.634000
 276.634000
 276.634000
 276.634000
 276.634000
 276.634000
 276.634000
 277.889000
 277.889000
 277.889000
 277.889000
 277.889000
 277.889000
 277.889000
 277.889000
 277.889000
 277.889000
 279.187000
 279.187000
 279.187000
 279.187000
 279.187000
 279.187000
 279.187000
 279.187000
 279.187000
 279.187000
 279.959000
 279.959000
 279.959000
 279.959000
 279.959000
 279.959000
 279.959000
 279.959000
 279.959000
 279.959000
 281.073000
 281.073000
 281.073000
 281.073000
 281.073000
 281.073000
 281.073000
 281.073000
 281.073000
 281.073000
 282.602000
 282.602000
 282.602000
 282.602000
 282.602000
 282.602000
 282.602000
 282.602000
 282.602000
 283.722000
 283.722000
 283.722000
 283.722000
 283.722000
 283.722000
 283.722000
 283.722000
 283.722000
 283.722000
 284.715000
 284.715000
 284.715000
 284.715000
 284.715000
 284.715000
 284.715000
 284.715000
 284.715000
 285.733000
 285.733000
 285.733000
 285.733000
 285.733000
 285.733000
 285.733000
 285.733000
 285.733000
 285.733000
 286.612000
 286.612000
 286.612000
 286.612000
 286.612000
 286.612000
 286.612000
 286.612000
 286.612000
 287.502000
 287.502000
 287.502000
 287.502000
 287.502000
 287.502000
 287.502000
 287.502000
 287.502000
 287.502000
 288.018000
 288.018000
 288.018000
 288.018000
 288.018000
 288.018000
 288.018000
 288.018000
 288.018000
 288.018000
 288.961000
 288.961000
 288.961000
 288.961000
 288.961000
 288.961000
 288.961000
 288.961000
 288.961000
 288.961000
 289.659000
 289.659000
 289.659000
 289.659000
 289.659000
 289.659000
 289.659000
 289.659000
 289.659000
 289.659000
 290.294000
 290.294000
 290.294000
 290.294000
 290.294000
 290.294000
 290.294000
 290.294000
 290.294000
 290.294000
 290.822000
 290.822000
 290.822000
 290.822000
 290.822000
 290.822000
 290.822000
 290.822000
 290.822000
 290.822000
 291.142000
 291.142000
 291.142000
 291.142000
 291.142000
 291.142000
 291.142000
 291.142000
 291.142000
 291.738000
 291.738000
 291.738000
 291.738000
 291.738000
 291.738000
 291.738000
 291.738000
 291.738000
 291.738000
 292.111000
 292.111000
 292.111000
 292.111000
 292.111000
 292.111000
 292.111000
 292.111000
 292.111000
 292.111000
 292.391000
 292.391000
 292.391000
 292.391000
 292.391000
 292.391000
 292.391000
 292.391000
 292.391000
 292.627000
 292.627000
 292.627000
 292.627000
 292.627000
 292.627000
 292.627000
 292.627000
 292.627000
 292.627000
 291.384000
 291.384000
 291.384000
 291.384000
 291.384000
 290.898000
 290.898000
 290.898000
 290.898000
 290.898000
 290.898000
 290.898000
 290.898000
 290.898000
 290.898000
 290.898000
 290.345000
 290.345000
 290.345000
 290.345000
 290.345000
 290.345000
 290.345000
 290.345000
 290.345000
 289.774000
 289.774000
 289.774000
 289.774000
 289.774000
 289.774000
 289.774000
 289.774000
 289.774000
 289.355000
 289.355000
 289.355000
 289.355000
 289.355000
 289.355000
 289.355000
 289.355000
 289.355000
 289.355000
 288.379000
 288.379000
 288.379000
 288.379000
 288.379000
 288.379000
 288.379000
 288.379000
 288.379000
 288.379000
 287.619000
 287.619000
 287.619000
 287.619000
 287.619000
 287.619000
 287.619000
 287.619000
 287.619000
 287.619000
 286.731000
 286.731000
 286.731000
 286.731000
 286.731000
 286.731000
 286.731000
 286.731000
 286.731000
 286.731000
 285.852000
 285.852000
 285.852000
 285.852000
 285.852000
 285.852000
 285.852000
 285.852000
 285.852000
 285.852000
 284.838000
 284.838000
 284.838000
 284.838000
 284.838000
 284.838000
 284.838000
 284.838000
 284.838000
 284.838000
 283.848000
 283.848000
 283.848000
 283.848000
 283.848000
 283.848000
 283.848000
 283.848000
 283.848000
 283.848000
 282.721000
 282.721000
 282.721000
 282.721000
 282.721000
 282.721000
 282.721000
 282.721000
 282.721000
 282.721000
 281.629000
 281.629000
 281.629000
 281.629000
 281.629000
 281.629000
 281.629000
 281.629000
 281.629000
 281.629000
 280.380000
 280.380000
 280.380000
 280.380000
 280.380000
 280.380000
 280.380000
 280.380000
 280.380000
 280.380000
 279.167000
 279.167000
 279.167000
 279.167000
 279.167000
 279.167000
 279.167000
 279.167000
 279.167000
 279.167000
 278.222000
 278.222000
 278.222000
 278.222000
 278.222000
 278.222000
 278.222000
 278.222000
 278.222000
 276.915000
 276.915000
 276.915000
 276.915000
 276.915000
 276.915000
 276.915000
 276.915000
 276.915000
 276.915000
 276.915000
 274.973000
 274.973000
 274.973000
 274.973000
 274.973000
 274.973000
 274.973000
 274.973000
 274.973000
 274.973000
 273.544000
 273.544000
 273.544000
 273.544000
 273.544000
 273.544000
 273.544000
 273.544000
 273.544000
 273.544000
 271.947000
 271.947000
 271.947000
 271.947000
 271.947000
 271.947000
 271.947000
 271.947000
 271.947000
 271.947000
 271.947000
 270.436000
 270.436000
 270.436000
 270.436000
 270.436000
 270.436000
 270.436000
 270.436000
 270.436000
 268.758000
 268.758000
 268.758000
 268.758000
 268.758000
 268.758000
 268.758000
 268.758000
 268.758000
 268.758000
 267.703000
 267.703000
 267.703000
 267.703000
 267.703000
 267.703000
 267.703000
 267.703000
 267.703000
 267.703000
 265.404000
 265.404000
 265.404000
 265.404000
 265.404000
 265.404000
 265.404000
 265.404000
 265.404000
 265.404000
 263.730000
 263.730000
 263.730000
 263.730000
 263.730000
 263.730000
 263.730000
 263.730000
 263.730000
 263.730000
 261.869000
 261.869000
 261.869000
 261.869000
 261.869000
 261.869000
 261.869000
 261.869000
 260.107000
 260.107000
 260.107000
 260.107000
 260.107000
 260.107000
 260.107000
 260.107000
 260.107000
 260.107000
 258.151000
 258.151000
 258.151000
 258.151000
 258.151000
 258.151000
 258.151000
 258.151000
 258.151000
 258.151000
 258.151000
 256.305000
 256.305000
 256.305000
 256.305000
 256.305000
 256.305000
 256.305000
 256.305000
 256.305000
 256.305000
 254.268000
 254.268000
 254.268000
 254.268000
 254.268000
 254.268000
 254.268000
 254.268000
 254.268000
 254.268000
 252.359000
 252.359000
 252.359000
 252.359000
 252.359000
 252.359000
 252.359000
 252.359000
 252.359000
 252.359000
 250.908000
 250.908000
 250.908000
 250.908000
 250.908000
 250.908000
 250.908000
 250.908000
 250.908000
 248.291000
 248.291000
 248.291000
 248.291000
 248.291000
 248.291000
 248.291000
 248.291000
 248.291000
 248.291000
 246.129000
 246.129000
 246.129000
 246.129000
 246.129000
 246.129000
 246.129000
 246.129000
 246.129000
 246.129000
 244.104000
 244.104000
 244.104000
 244.104000
 244.104000
 244.104000
 244.104000
 244.104000
 244.104000
 244.104000
 244.104000
 241.875000
 241.875000
 241.875000
 241.875000
 241.875000
 241.875000
 241.875000
 241.875000
 241.875000
 241.875000
 240.487000
 240.487000
 240.487000
 240.487000
 240.487000
 240.487000
 240.487000
 240.487000
 240.487000
 240.487000
 238.207000
 238.207000
 238.207000
 238.207000
 238.207000
 238.207000
 238.207000
 238.207000
 238.207000
 235.363000
 235.363000
 235.363000
 235.363000
 235.363000
 235.363000
 235.363000
 235.363000
 235.363000
 235.363000
 233.024000
 233.024000
 233.024000
 233.024000
 233.024000
 233.024000
 233.024000
 233.024000
 233.024000
 233.024000
 233.024000
 231.573000
 231.573000
 231.573000
 231.573000
 231.573000
 231.573000
 231.573000
 231.573000
 231.573000
 229.199000
 229.199000
 229.199000
 229.199000
 229.199000
 229.199000
 229.199000
 229.199000
 229.199000
 229.199000
 226.250000
 226.250000
 226.250000
 226.250000
 226.250000
 226.250000
 226.250000
 226.250000
 226.250000
 226.250000
 223.841000
 223.841000
 223.841000
 223.841000
 223.841000
 223.841000
 223.841000
 223.841000
 223.841000
 223.841000
 221.606000
 221.606000
 221.606000
 221.606000
 221.606000
 221.606000
 221.606000
 221.606000
 221.606000
 221.606000
 219.230000
 219.230000
 219.230000
 219.230000
 219.230000
 219.230000
 219.230000
 219.230000
 219.230000
 219.230000
 217.539000
 217.539000
 217.539000
 217.539000
 217.539000
 217.539000
 217.539000
 217.539000
 217.539000
 217.539000
 215.273000
 215.273000
 215.273000
 215.273000
 215.273000
 215.273000
 215.273000
 215.273000
 215.273000
 215.273000
 212.049000
 212.049000
 212.049000
 212.049000
 212.049000
 212.049000
 212.049000
 212.049000
 212.049000
 209.767000
 209.767000
 209.767000
 209.767000
 209.767000
 209.767000
 209.767000
 209.767000
 209.767000
 209.767000
 209.767000
 207.292000
 207.292000
 207.292000
 207.292000
 207.292000
 207.292000
 207.292000
 207.292000
 207.292000
 207.292000
 205.003000
 205.003000
 205.003000
 205.003000
 205.003000
 205.003000
 205.003000
 205.003000
 205.003000
 205.003000
 202.521000
 202.521000
 202.521000
 202.521000
 202.521000
 202.521000
 202.521000
 202.521000
 202.521000
 200.995000
 200.995000
 200.995000
 200.995000
 200.995000
 200.995000
 200.995000
 200.995000
 200.995000
 197.757000
 197.757000
 197.757000
 197.757000
 197.757000
 197.757000
 197.757000
 197.757000
 197.757000
 197.757000
 195.482000
 195.482000
 195.482000
 195.482000
 195.482000
 195.482000
 195.482000
 195.482000
 195.482000
 195.482000
 195.482000
 193.033000
 193.033000
 193.033000
 193.033000
 193.033000
 193.033000
 193.033000
 193.033000
 193.033000
 190.785000
 190.785000
 190.785000
 190.785000
 190.785000
 190.785000
 190.785000
 190.785000
 190.785000
 190.785000
 188.366000
 188.366000
 188.366000
 188.366000
 188.366000
 188.366000
 188.366000
 188.366000
 188.366000
 188.366000
 186.140000
 186.140000
 186.140000
 186.140000
 186.140000
 186.140000
 186.140000
 186.140000
 186.140000
 186.140000
 183.735000
 183.735000
 183.735000
 183.735000
 183.735000
 183.735000
 183.735000
 183.735000
 183.735000
 183.735000
 183.735000
 181.524000
 181.524000
 181.524000
 181.524000
 181.524000
 181.524000
 181.524000
 181.524000
 181.524000
 181.524000
 179.135000
 179.135000
 179.135000
 179.135000
 179.135000
 179.135000
 179.135000
 179.135000
 179.135000
 177.670000
 177.670000
 177.670000
 177.670000
 177.670000
 177.670000
 177.670000
 177.670000
 177.670000
 177.670000
 174.564000
 174.564000
 174.564000
 174.564000
 174.564000
 174.564000
 174.564000
 174.564000
 174.564000
 174.564000
 172.383000
 172.383000
 172.383000
 172.383000
 172.383000
 172.383000
 172.383000
 172.383000
 172.383000
 172.383000
 170.029000
 170.029000
 170.029000
 170.029000
 170.029000
 170.029000
 170.029000
 170.029000
 170.029000
 167.851000
 167.851000
 167.851000
 167.851000
 167.851000
 167.851000
 167.851000
 167.851000
 167.851000
 165.484000
 165.484000
 165.484000
 165.484000
 165.484000
 165.484000
 165.484000
 165.484000
 165.484000
 165.484000
 165.484000
 163.289000
 163.289000
 163.289000
 163.289000
 163.289000
 163.289000
 163.289000
 163.289000
 163.289000
 160.897000
 160.897000
 160.897000
 160.897000
 160.897000
 160.897000
 160.897000
 160.897000
 160.897000
 160.897000
 158.674000
 158.674000
 158.674000
 158.674000
 158.674000
 158.674000
 158.674000
 158.674000
 158.674000
 158.674000
 158.674000
 156.998000
 156.998000
 156.998000
 156.998000
 156.998000
 156.998000
 156.998000
 156.998000
 154.003000
 154.003000
 154.003000
 154.003000
 154.003000
 154.003000
 154.003000
 154.003000
 154.003000
 151.558000
 151.558000
 151.558000
 151.558000
 151.558000
 151.558000
 151.558000
 151.558000
 151.558000
 151.558000
 150.805000
 150.805000
 150.805000
 150.805000
 150.805000
 150.805000
 150.805000
 150.805000
 150.805000
 150.805000
 146.852000
 146.852000
 146.852000
 146.852000
 146.852000
 146.852000
 146.852000
 146.852000
 146.852000
 146.852000
 144.603000
 144.603000
 144.603000
 144.603000
 144.603000
 144.603000
 144.603000
 144.603000
 144.603000
 144.603000
 142.182000
 142.182000
 142.182000
 142.182000
 142.182000
 142.182000
 142.182000
 142.182000
 142.182000
 142.182000
 139.965000
 139.965000
 139.965000
 139.965000
 139.965000
 139.965000
 139.965000
 139.965000
 139.965000
 139.965000
 137.580000
 137.580000
 137.580000
 137.580000
 137.580000
 137.580000
 137.580000
 137.580000
 137.580000
 135.378000
 135.378000
 135.378000
 135.378000
 135.378000
 135.378000
 135.378000
 135.378000
 135.378000
 132.992000
 132.992000
 132.992000
 132.992000
 132.992000
 132.992000
 132.992000
 132.992000
 132.992000
 132.992000
 132.992000
 130.786000
 130.786000
 130.786000
 130.786000
 130.786000
 130.786000
 130.786000
 130.786000
 130.786000
 130.786000
 128.388000
 128.388000
 128.388000
 128.388000
 128.388000
 128.388000
 128.388000
 128.388000
 128.388000
 126.170000
 126.170000
 126.170000
 126.170000
 126.170000
 126.170000
 126.170000
 126.170000
 126.170000
 126.170000
 124.506000
 124.506000
 124.506000
 124.506000
 124.506000
 124.506000
 124.506000
 124.506000
 124.506000
 124.506000
 121.524000
 121.524000
 121.524000
 121.524000
 121.524000
 121.524000
 121.524000
 121.524000
 121.524000
 121.524000
 119.330000
 119.330000
 119.330000
 119.330000
 119.330000
 119.330000
 119.330000
 119.330000
 119.330000
 119.330000
 116.967000
 116.967000
 116.967000
 116.967000
 116.967000
 116.967000
 116.967000
 116.967000
 116.967000
 116.967000
 114.791000
 114.791000
 114.791000
 114.791000
 114.791000
 114.791000
 114.791000
 114.791000
 114.791000
 112.427000
 112.427000
 112.427000
 112.427000
 112.427000
 112.427000
 112.427000
 112.427000
 112.427000
 112.427000
 112.427000
 112.427000
 110.243000
 110.243000
 110.243000
 110.243000
 110.243000
 110.243000
 110.243000
 110.243000
 110.243000
 107.873000
 107.873000
 107.873000
 107.873000
 107.873000
 107.873000
 107.873000
 107.873000
 107.873000
 107.873000
 105.682000
 105.682000
 105.682000
 105.682000
 105.682000
 105.682000
 105.682000
 105.682000
 105.682000
 105.682000
 103.301000
 103.301000
 103.301000
 103.301000
 103.301000
 103.301000
 103.301000
 103.301000
 103.301000
 103.301000
 101.101000
 101.101000
 101.101000
 101.101000
 101.101000
 101.101000
 101.101000
 101.101000
 101.101000
 101.101000
 101.101000
 98.717500
 98.717500
 98.717500
 98.717500
 98.717500
 98.717500
 98.717500
 98.717500
 98.717500
 98.717500
 96.520500
 96.520500
 96.520500
 96.520500
 96.520500
 96.520500
 96.520500
 96.520500
 96.520500
 94.143400
 94.143400
 94.143400
 94.143400
 94.143400
 94.143400
 94.143400
 94.143400
 94.143400
 94.143400
 94.143400
 91.952000
 91.952000
 91.952000
 91.952000
 91.952000
 91.952000
 91.952000
 91.952000
 91.952000
 91.952000
 89.576200
 89.576200
 89.576200
 89.576200
 89.576200
 89.576200
 89.576200
 89.576200
 89.576200
 87.385000
 87.385000
 87.385000
 87.385000
 87.385000
 87.385000
 87.385000
 87.385000
 87.385000
 87.385000
 85.013700
 85.013700
 85.013700
 85.013700
 85.013700
 85.013700
 85.013700
 85.013700
 85.013700
 85.013700
 85.013700
 83.555100
 83.555100
 83.555100
 83.555100
 83.555100
 83.555100
 83.555100
 83.555100
 83.555100
 80.469300
 80.469300
 80.469300
 80.469300
 80.469300
 80.469300
 80.469300
 80.469300
 78.307800
 78.307800
 78.307800
 78.307800
 78.307800
 78.307800
 78.307800
 78.307800
 78.307800
 78.307800
 78.307800
 78.307800
 76.706100
 76.706100
 76.706100
 76.706100
 76.706100
 76.706100
 76.706100
 76.706100
 76.706100
 73.897600
 73.897600
 73.897600
 73.897600
 73.897600
 73.897600
 73.897600
 73.897600
 73.897600
 73.897600
 71.667900
 71.667900
 71.667900
 71.667900
 71.667900
 71.667900
 71.667900
 71.667900
 71.667900
 71.667900
 69.660200
 69.660200
 69.660200
 69.660200
 69.660200
 69.660200
 69.660200
 69.660200
 69.660200
 69.660200
 67.537400
 67.537400
 67.537400
 67.537400
 67.537400
 67.537400
 67.537400
 67.537400
 67.537400
 67.537400
 65.622900
 65.622900
 65.622900
 65.622900
 65.622900
 65.622900
 65.622900
 65.622900
 65.622900
 65.622900
 63.586600
 63.586600
 63.586600
 63.586600
 63.586600
 63.586600
 63.586600
 63.586600
 63.586600
 61.740300
 61.740300
 61.740300
 61.740300
 61.740300
 61.740300
 61.740300
 61.740300
 61.740300
 61.740300
 59.775400
 59.775400
 59.775400
 59.775400
 59.775400
 59.775400
 59.775400
 59.775400
 59.775400
 59.775400
 57.842100
 57.842100
 57.842100
 57.842100
 57.842100
 57.842100
 57.842100
 57.842100
 56.080100
 56.080100
 56.080100
 56.080100
 56.080100
 56.080100
 56.080100
 56.080100
 56.080100
 54.349400
 54.349400
 54.349400
 54.349400
 54.349400
 54.349400
 54.349400
 54.349400
 52.514200
 52.514200
 52.514200
 52.514200
 52.514200
 52.514200
 52.514200
 52.514200
 52.514200
 52.514200
 50.866300
 50.866300
 50.866300
 50.866300
 50.866300
 50.866300
 50.866300
 50.866300
 50.866300
 49.126300
 49.126300
 49.126300
 49.126300
 49.126300
 49.126300
 49.126300
 49.126300
 49.126300
 49.126300
 47.546200
 47.546200
 47.546200
 47.546200
 47.546200
 47.546200
 47.546200
 47.546200
 47.546200
 47.546200
 45.846000
 45.846000
 45.846000
 45.846000
 45.846000
 45.846000
 45.846000
 45.846000
 45.846000
 45.846000
 44.285200
 44.285200
 44.285200
 44.285200
 44.285200
 44.285200
 44.285200
 44.285200
 44.285200
 44.285200
 42.599700
 42.599700
 42.599700
 42.599700
 42.599700
 42.599700
 42.599700
 42.599700
 42.599700
 42.599700
 41.018600
 41.018600
 41.018600
 41.018600
 41.018600
 41.018600
 41.018600
 41.018600
 41.018600
 41.018600
 39.330900
 39.330900
 39.330900
 39.330900
 39.330900
 39.330900
 39.330900
 39.330900
 39.330900
 39.330900
 37.769100
 37.769100
 37.769100
 37.769100
 37.769100
 37.769100
 37.769100
 37.769100
 37.769100
 37.769100
 36.071500
 36.071500
 36.071500
 36.071500
 36.071500
 36.071500
 36.071500
 36.071500
 36.071500
 36.071500
 34.498400
 34.498400
 34.498400
 34.498400
 34.498400
 34.498400
 34.498400
 34.498400
 34.498400
 34.498400
 32.788600
 32.788600
 32.788600
 32.788600
 32.788600
 32.788600
 32.788600
 31.203200
 31.203200
 31.203200
 31.203200
 31.203200
 31.203200
 31.203200
 31.203200
 31.203200
 31.203200
 31.203200
 29.472100
 29.472100
 29.472100
 29.472100
 29.472100
 29.472100
 29.472100
 29.472100
 29.472100
 29.472100
 29.472100
 27.866100
 27.866100
 27.866100
 27.866100
 27.866100
 27.866100
 27.866100
 27.866100
 27.866100
 27.866100
 26.118900
 26.118900
 26.118900
 26.118900
 26.118900
 26.118900
 26.118900
 26.118900
 26.118900
 24.501700
 24.501700
 24.501700
 24.501700
 24.501700
 24.501700
 24.501700
 24.501700
 24.501700
 24.501700
 24.501700
 22.738400
 22.738400
 22.738400
 22.738400
 22.738400
 22.738400
 22.738400
 22.738400
 22.738400
 21.104800
 21.104800
 21.104800
 21.104800
 21.104800
 21.104800
 21.104800
 21.104800
 21.104800
 21.104800
 20.014000
 20.014000
 20.014000
 20.014000
 20.014000
 20.014000
 20.014000
 20.014000
 20.014000
 20.014000
 17.679200
 17.679200
 17.679200
 17.679200
 17.679200
 17.679200
 17.679200
 17.679200
 17.679200
 17.679200
 15.886800
 15.886800
 15.886800
 15.886800
 15.886800
 15.886800
 15.886800
 15.886800
 15.886800
 15.886800
 14.229800
 14.229800
 14.229800
 14.229800
 14.229800
 14.229800
 14.229800
 14.229800
 14.229800
 14.229800
 12.985100
 12.985100
 12.985100
 12.985100
 12.985100
 12.985100
 12.985100
 12.985100
 12.985100
 12.985100
 10.760200
 10.760200
 10.760200
 10.760200
 10.760200
 10.760200
 10.760200
 10.760200
 10.760200
 10.760200
 10.760200
 8.950890
 8.950890
 8.950890
 8.950890
 8.950890
 8.950890
 8.950890
 8.950890
 8.950890
 7.276100
 7.276100
 7.276100
 7.276100
 7.276100
 7.276100
 7.276100
 7.276100
 7.276100
 7.276100
 5.461000
 5.461000
 5.461000
 5.461000
 5.461000
 5.461000
 5.461000
 5.461000
 5.461000
 5.461000
 5.461000
 3.786360
 3.786360
 3.786360
 3.786360
 3.786360
 3.786360
 3.786360
 3.786360
 3.786360
 3.786360
 1.966740
 1.966740
 1.966740
 1.966740
 1.966740
 1.966740
 1.966740
 1.966740
 1.966740
 1.966740
 0.285257
 0.285257
 0.285257
 0.285257
 0.285257
 0.285257
 0.285257
 0.285257
 0.285257
 -1.541790
 -1.541790
 -1.541790
 -1.541790
 -1.541790
 -1.541790
 -1.541790
 -1.541790
 -1.541790
 -3.230320
 -3.230320
 -3.230320
 -3.230320
 -3.230320
 -3.230320
 -3.230320
 -3.230320
 -3.230320
 -3.230320
 -5.062230
 -5.062230
 -5.062230
 -5.062230
 -5.062230
 -5.062230
 -5.062230
 -5.062230
 -5.062230
 -5.062230
 -6.193090
 -6.193090
 -6.193090
 -6.193090
 -6.193090
 -6.193090
 -6.193090
 -6.193090
 -6.193090
 -6.193090
 -7.888180
 -7.888180
 -7.888180
 -7.888180
 -7.888180
 -7.888180
 -7.888180
 -7.888180
 -7.888180
 -9.740230
 -9.740230
 -9.740230
 -9.740230
 -9.740230
 -9.740230
 -9.740230
 -9.740230
 -9.740230
 -9.740230
 -9.740230
 -12.173100
 -12.173100
 -12.173100
 -12.173100
 -12.173100
 -12.173100
 -12.173100
 -12.173100
 -12.173100
 -12.173100
 -13.323000
 -13.323000
 -13.323000
 -13.323000
 -13.323000
 -13.323000
 -13.323000
 -13.323000
 -13.323000
 -15.046500
 -15.046500
 -15.046500
 -15.046500
 -15.046500
 -15.046500
 -15.046500
 -15.046500
 -15.046500
 -17.501700
 -17.501700
 -17.501700
 -17.501700
 -17.501700
 -17.501700
 -17.501700
 -17.501700
 -17.501700
 -17.501700
 -17.501700
 -19.383100
 -19.383100
 -19.383100
 -19.383100
 -19.383100
 -19.383100
 -19.383100
 -19.383100
 -19.383100
 -20.543900
 -20.543900
 -20.543900
 -20.543900
 -20.543900
 -20.543900
 -20.543900
 -20.543900
 -20.543900
 -20.543900
 -22.429200
 -22.429200
 -22.429200
 -22.429200
 -22.429200
 -22.429200
 -22.429200
 -22.429200
 -22.429200
 -22.429200
 -24.759000
 -24.759000
 -24.759000
 -24.759000
 -24.759000
 -24.759000
 -24.759000
 -24.759000
 -24.759000
 -24.759000
 -26.653700
 -26.653700
 -26.653700
 -26.653700
 -26.653700
 -26.653700
 -26.653700
 -26.653700
 -26.653700
 -26.653700
 -27.820400
 -27.820400
 -27.820400
 -27.820400
 -27.820400
 -27.820400
 -27.820400
 -27.820400
 -27.820400
 -30.255700
 -30.255700
 -30.255700
 -30.255700
 -30.255700
 -30.255700
 -30.255700
 -30.255700
 -32.150100
 -32.150100
 -32.150100
 -32.150100
 -32.150100
 -32.150100
 -32.150100
 -32.150100
 -32.150100
 -32.150100
 -32.150100
 -33.902100
 -33.902100
 -33.902100
 -33.902100
 -33.902100
 -33.902100
 -33.902100
 -33.902100
 -33.902100
 -33.902100
 -35.797800
 -35.797800
 -35.797800
 -35.797800
 -35.797800
 -35.797800
 -35.797800
 -35.797800
 -35.797800
 -35.797800
 -37.548600
 -37.548600
 -37.548600
 -37.548600
 -37.548600
 -37.548600
 -37.548600
 -37.548600
 -37.548600
 -37.548600
 -39.441100
 -39.441100
 -39.441100
 -39.441100
 -39.441100
 -39.441100
 -39.441100
 -39.441100
 -39.441100
 -40.020800
 -40.020800
 -40.020800
 -40.020800
 -40.020800
 -40.020800
 -40.020800
 -40.020800
 -40.020800
 -40.020800
 -40.020800
 -42.342500
 -42.342500
 -42.342500
 -42.342500
 -42.342500
 -42.342500
 -42.342500
 -42.342500
 -42.342500
 -44.217800
 -44.217800
 -44.217800
 -44.217800
 -44.217800
 -44.217800
 -44.217800
 -44.217800
 -44.217800
 -44.217800
 -44.217800
 -45.951500
 -45.951500
 -45.951500
 -45.951500
 -45.951500
 -45.951500
 -45.951500
 -45.951500
 -45.951500
 -45.951500
 -48.412700
 -48.412700
 -48.412700
 -48.412700
 -48.412700
 -48.412700
 -48.412700
 -48.412700
 -48.412700
 -48.412700
 -50.303700
 -50.303700
 -50.303700
 -50.303700
 -50.303700
 -50.303700
 -50.303700
 -50.303700
 -50.303700
 -50.303700
 -52.056100
 -52.056100
 -52.056100
 -52.056100
 -52.056100
 -52.056100
 -52.056100
 -52.056100
 -52.056100
 -53.808900
 -53.808900
 -53.808900
 -53.808900
 -53.808900
 -53.808900
 -53.808900
 -53.808900
 -53.808900
 -53.808900
 -53.808900
 -55.708300
 -55.708300
 -55.708300
 -55.708300
 -55.708300
 -55.708300
 -55.708300
 -55.708300
 -55.708300
 -57.606100
 -57.606100
 -57.606100
 -57.606100
 -57.606100
 -57.606100
 -57.606100
 -57.606100
 -57.606100
 -57.606100
 -59.354700
 -59.354700
 -59.354700
 -59.354700
 -59.354700
 -59.354700
 -59.354700
 -59.354700
 -59.354700
 -59.354700
 -61.248300
 -61.248300
 -61.248300
 -61.248300
 -61.248300
 -61.248300
 -61.248300
 -61.248300
 -61.248300
 -61.248300
 -61.248300
 -63.005100
 -63.005100
 -63.005100
 -63.005100
 -63.005100
 -63.005100
 -63.005100
 -63.005100
 -63.005100
 -63.592100
 -63.592100
 -63.592100
 -63.592100
 -63.592100
 -63.592100
 -63.592100
 -63.592100
 -63.592100
 -63.592100
 -66.672900
 -66.672900
 -66.672900
 -66.672900
 -66.672900
 -66.672900
 -66.672900
 -66.672900
 -66.672900
 -66.672900
 -68.438700
 -68.438700
 -68.438700
 -68.438700
 -68.438700
 -68.438700
 -68.438700
 -68.438700
 -68.438700
 -68.438700
 -70.350800
 -70.350800
 -70.350800
 -70.350800
 -70.350800
 -70.350800
 -70.350800
 -70.350800
 -70.350800
 -70.350800
 -70.350800
 -72.261900
 -72.261900
 -72.261900
 -72.261900
 -72.261900
 -72.261900
 -72.261900
 -72.261900
 -72.261900
 -74.027500
 -74.027500
 -74.027500
 -74.027500
 -74.027500
 -74.027500
 -74.027500
 -74.027500
 -74.027500
 -74.027500
 -75.205800
 -75.205800
 -75.205800
 -75.205800
 -75.205800
 -75.205800
 -75.205800
 -75.205800
 -75.205800
 -75.205800
 -75.205800
 -77.712500
 -77.712500
 -77.712500
 -77.712500
 -77.712500
 -77.712500
 -77.712500
 -79.481000
 -79.481000
 -79.481000
 -79.481000
 -79.481000
 -79.481000
 -79.481000
 -79.481000
 -79.481000
 -79.481000
 -80.803600
 -80.803600
 -80.803600
 -80.803600
 -80.803600
 -80.803600
 -80.803600
 -80.803600
 -80.803600
 -80.803600
 -83.302800
 -83.302800
 -83.302800
 -83.302800
 -83.302800
 -83.302800
 -83.302800
 -83.302800
 -83.302800
 -83.302800
 -83.302800
 -84.477000
 -84.477000
 -84.477000
 -84.477000
 -84.477000
 -84.477000
 -84.477000
 -84.477000
 -84.477000
 -86.824500
 -86.824500
 -86.824500
 -86.824500
 -86.824500
 -86.824500
 -86.824500
 -86.824500
 -86.824500
 -86.824500
 -86.824500
 -88.726900
 -88.726900
 -88.726900
 -88.726900
 -88.726900
 -88.726900
 -88.726900
 -88.726900
 -88.726900
 -88.726900
 -90.482400
 -90.482400
 -90.482400
 -90.482400
 -90.482400
 -90.482400
 -90.482400
 -90.482400
 -90.482400
 -92.387800
 -92.387800
 -92.387800
 -92.387800
 -92.387800
 -92.387800
 -92.387800
 -92.387800
 -92.387800
 -92.387800
 -92.387800
 -94.291600
 -94.291600
 -94.291600
 -94.291600
 -94.291600
 -94.291600
 -94.291600
 -94.291600
 -94.291600
 -96.046700
 -96.046700
 -96.046700
 -96.046700
 -96.046700
 -96.046700
 -96.046700
 -96.046700
 -96.046700
 -96.046700
 -97.802700
 -97.802700
 -97.802700
 -97.802700
 -97.802700
 -97.802700
 -97.802700
 -97.802700
 -99.118900
 -99.118900
 -99.118900
 -99.118900
 -99.118900
 -99.118900
 -99.118900
 -99.118900
 -99.118900
 -99.118900
 -101.610000
 -101.610000
 -101.610000
 -101.610000
 -101.610000
 -101.610000
 -101.610000
 -101.610000
 -101.610000
 -101.610000
 -103.402000
 -103.402000
 -103.402000
 -103.402000
 -103.402000
 -103.402000
 -103.402000
 -103.402000
 -103.402000
 -103.402000
 -105.166000
 -105.166000
 -105.166000
 -105.166000
 -105.166000
 -105.166000
 -105.166000
 -105.166000
 -105.166000
 -105.166000
 -105.166000
 -107.078000
 -107.078000
 -107.078000
 -107.078000
 -107.078000
 -107.078000
 -107.078000
 -107.078000
 -107.078000
 -108.255000
 -108.255000
 -108.255000
 -108.255000
 -108.255000
 -108.255000
 -108.255000
 -108.255000
 -108.255000
 -110.758000
 -110.758000
 -110.758000
 -110.758000
 -110.758000
 -110.758000
 -110.758000
 -110.758000
 -110.758000
 -110.758000
 -112.529000
 -112.529000
 -112.529000
 -112.529000
 -112.529000
 -112.529000
 -112.529000
 -112.529000
 -112.529000
 -112.529000
 -112.529000
 -114.452000
 -114.452000
 -114.452000
 -114.452000
 -114.452000
 -114.452000
 -114.452000
 -114.452000
 -114.452000
 -115.637000
 -115.637000
 -115.637000
 -115.637000
 -115.637000
 -115.637000
 -115.637000
 -115.637000
 -115.637000
 -115.637000
 -118.153000
 -118.153000
 -118.153000
 -118.153000
 -118.153000
 -118.153000
 -118.153000
 -118.153000
 -118.153000
 -119.929000
 -119.929000
 -119.929000
 -119.929000
 -119.929000
 -119.929000
 -119.929000
 -119.929000
 -119.929000
 -119.929000
 -121.112000
 -121.112000
 -121.112000
 -121.112000
 -121.112000
 -121.112000
 -121.112000
 -121.112000
 -121.112000
 -121.112000
 -123.638000
 -123.638000
 -123.638000
 -123.638000
 -123.638000
 -123.638000
 -123.638000
 -123.638000
 -123.638000
 -123.638000
 -123.638000
 -125.573000
 -125.573000
 -125.573000
 -125.573000
 -125.573000
 -125.573000
 -125.573000
 -125.573000
 -125.573000
 -127.358000
 -127.358000
 -127.358000
 -127.358000
 -127.358000
 -127.358000
 -127.358000
 -127.358000
 -127.358000
 -127.358000
 -127.358000
 -129.292000
 -129.292000
 -129.292000
 -129.292000
 -129.292000
 -129.292000
 -129.292000
 -129.292000
 -129.292000
 -131.073000
 -131.073000
 -131.073000
 -131.073000
 -131.073000
 -131.073000
 -131.073000
 -131.073000
 -131.073000
 -131.073000
 -131.073000
 -132.999000
 -132.999000
 -132.999000
 -132.999000
 -132.999000
 -132.999000
 -132.999000
 -132.999000
 -132.999000
 -134.773000
 -134.773000
 -134.773000
 -134.773000
 -134.773000
 -134.773000
 -134.773000
 -134.773000
 -134.773000
 -134.773000
 -136.690000
 -136.690000
 -136.690000
 -136.690000
 -136.690000
 -136.690000
 -136.690000
 -136.690000
 -136.690000
 -136.690000
 -138.457000
 -138.457000
 -138.457000
 -138.457000
 -138.457000
 -138.457000
 -138.457000
 -138.457000
 -138.457000
 -138.457000
 -140.374000
 -140.374000
 -140.374000
 -140.374000
 -140.374000
 -140.374000
 -140.374000
 -140.374000
 -140.374000
 -140.374000
 -142.142000
 -142.142000
 -142.142000
 -142.142000
 -142.142000
 -142.142000
 -142.142000
 -142.142000
 -142.142000
 -142.142000
 -142.142000
 -143.464000
 -143.464000
 -143.464000
 -143.464000
 -143.464000
 -143.464000
 -143.464000
 -143.464000
 -145.225000
 -145.225000
 -145.225000
 -145.225000
 -145.225000
 -145.225000
 -145.225000
 -145.225000
 -145.225000
 -147.708000
 -147.708000
 -147.708000
 -147.708000
 -147.708000
 -147.708000
 -147.708000
 -147.708000
 -147.708000
 -147.708000
 -149.448000
 -149.448000
 -149.448000
 -149.448000
 -149.448000
 -149.448000
 -149.448000
 -149.448000
 -149.448000
 -151.305000
 -151.305000
 -151.305000
 -151.305000
 -151.305000
 -151.305000
 -151.305000
 -151.305000
 -151.305000
 -151.305000
 -151.305000
 -152.977000
 -152.977000
 -152.977000
 -152.977000
 -152.977000
 -152.977000
 -152.977000
 -152.977000
 -152.977000
 -152.977000
 -154.732000
 -154.732000
 -154.732000
 -154.732000
 -154.732000
 -154.732000
 -154.732000
 -154.732000
 -154.732000
 -154.732000
 -156.297000
 -156.297000
 -156.297000
 -156.297000
 -156.297000
 -156.297000
 -156.297000
 -156.297000
 -156.297000
 -156.297000
 -157.936000
 -157.936000
 -157.936000
 -157.936000
 -157.936000
 -157.936000
 -157.936000
 -157.936000
 -157.936000
 -157.936000
 -159.397000
 -159.397000
 -159.397000
 -159.397000
 -159.397000
 -159.397000
 -159.397000
 -159.397000
 -159.397000
 -159.397000
 -160.917000
 -160.917000
 -160.917000
 -160.917000
 -160.917000
 -160.917000
 -160.917000
 -160.917000
 -160.917000
 -160.917000
 -162.260000
 -162.260000
 -162.260000
 -162.260000
 -162.260000
 -162.260000
 -162.260000
 -162.260000
 -162.260000
 -163.654000
 -163.654000
 -163.654000
 -163.654000
 -163.654000
 -163.654000
 -163.654000
 -163.654000
 -163.654000
 -163.654000
 -163.654000
 -164.480000
 -164.480000
 -164.480000
 -164.480000
 -164.480000
 -164.480000
 -164.480000
 -164.480000
 -164.480000
 -166.161000
 -166.161000
 -166.161000
 -166.161000
 -166.161000
 -166.161000
 -166.161000
 -166.161000
 -166.161000
 -166.161000
 -166.161000
 -166.925000
 -166.925000
 -166.925000
 -166.925000
 -166.925000
 -166.925000
 -166.925000
 -166.925000
 -166.925000
 -166.925000
 -168.504000
 -168.504000
 -168.504000
 -168.504000
 -168.504000
 -168.504000
 -168.504000
 -168.504000
 -169.574000
 -169.574000
 -169.574000
 -169.574000
 -169.574000
 -169.574000
 -169.574000
 -169.574000
 -169.574000
 -169.574000
 -169.574000
 -170.690000
 -170.690000
 -170.690000
 -170.690000
 -170.690000
 -170.690000
 -170.690000
 -170.690000
 -170.690000
 -171.661000
 -171.661000
 -171.661000
 -171.661000
 -171.661000
 -171.661000
 -171.661000
 -171.661000
 -171.661000
 -172.266000
 -172.266000
 -172.266000
 -172.266000
 -172.266000
 -172.266000
 -172.266000
 -172.266000
 -172.266000
 -172.266000
 -173.444000
 -173.444000
 -173.444000
 -173.444000
 -173.444000
 -173.444000
 -173.444000
 -173.444000
 -173.444000
 -174.238000
 -174.238000
 -174.238000
 -174.238000
 -174.238000
 -174.238000
 -174.238000
 -174.238000
 -174.238000
 -174.238000
 -174.895000
 -174.895000
 -174.895000
 -174.895000
 -174.895000
 -174.895000
 -174.895000
 -174.895000
 -174.895000
 -174.895000
 -175.300000
 -175.300000
 -175.300000
 -175.300000
 -175.300000
 -175.300000
 -175.300000
 -175.300000
 -175.300000
 -175.300000
 -175.300000
 -176.095000
 -176.095000
 -176.095000
 -176.095000
 -176.095000
 -176.095000
 -176.095000
 -176.095000
 -176.095000
 -176.630000
 -176.630000
 -176.630000
 -176.630000
 -176.630000
 -176.630000
 -176.630000
 -176.630000
 -176.630000
 -176.630000
 -177.057000
 -177.057000
 -177.057000
 -177.057000
 -177.057000
 -177.057000
 -177.057000
 -177.057000
 -177.057000
 -177.057000
 -177.457000
 -177.457000
 -177.457000
 -177.457000
 -177.457000
 -177.457000
 -177.457000
 -177.457000
 -177.457000
 -177.457000
 -177.673000
 -177.673000
 -177.673000
 -177.673000
 -177.673000
 -177.673000
 -177.673000
 -177.673000
 -177.673000
 -178.040000
 -178.040000
 -178.040000
 -178.040000
 -178.040000
 -178.040000
 -178.040000
 -178.040000
 -178.040000
 -178.040000
 -178.040000
 -178.211000
 -178.211000
 -178.211000
 -178.211000
 -178.211000
 -178.211000
 -178.211000
 -178.211000
 -178.211000
 -178.211000
 -178.313000
 -178.313000
 -178.313000
 -178.313000
 -178.313000
 -178.313000
 -178.313000
 -178.313000
 -178.313000
 -178.333000
 -178.333000
 -178.333000
 -178.333000
 -178.333000
 -178.333000
 -178.333000
 -178.333000
 -178.333000
 -178.333000
 -178.284000
 -178.284000
 -178.284000
 -178.284000
 -178.284000
 -178.284000
 -178.284000
 -178.284000
 -178.284000
 -178.284000
 -178.284000
 -178.193000
 -178.193000
 -178.193000
 -178.193000
 -178.193000
 -178.193000
 -178.193000
 -178.193000
 -178.193000
 -178.041000
 -178.041000
 -178.041000
 -178.041000
 -178.041000
 -178.041000
 -178.041000
 -178.041000
 -178.041000
 -177.849000
 -177.849000
 -177.849000
 -177.849000
 -177.849000
 -177.849000
 -177.849000
 -177.849000
 -177.849000
 -177.849000
 -177.585000
 -177.585000
 -177.585000
 -177.585000
 -177.585000
 -177.585000
 -177.585000
 -177.585000
 -177.585000
 -177.585000
 -177.279000
 -177.279000
 -177.279000
 -177.279000
 -177.279000
 -177.279000
 -177.279000
 -177.279000
 -177.279000
 -177.279000
 -176.874000
 -176.874000
 -176.874000
 -176.874000
 -176.874000
 -176.874000
 -176.874000
 -176.874000
 -176.874000
 -176.432000
 -176.432000
 -176.432000
 -176.432000
 -176.432000
 -176.432000
 -176.432000
 -176.432000
 -176.432000
 -176.104000
 -176.104000
 -176.104000
 -176.104000
 -176.104000
 -176.104000
 -176.104000
 -176.104000
 -176.104000
 -176.104000
 -175.520000
 -175.520000
 -175.520000
 -175.520000
 -175.520000
 -175.520000
 -175.520000
 -175.520000
 -175.520000
 -174.669000
 -174.669000
 -174.669000
 -174.669000
 -174.669000
 -174.669000
 -174.669000
 -174.669000
 -174.669000
 -174.669000
 -174.018000
 -174.018000
 -174.018000
 -174.018000
 -174.018000
 -174.018000
 -174.018000
 -174.018000
 -173.267000
 -173.267000
 -173.267000
 -173.267000
 -173.267000
 -173.267000
 -173.267000
 -173.267000
 -173.267000
 -172.525000
 -172.525000
 -172.525000
 -172.525000
 -172.525000
 -172.525000
 -172.525000
 -172.525000
 -172.525000
 -172.525000
 -172.005000
 -172.005000
 -172.005000
 -172.005000
 -172.005000
 -172.005000
 -172.005000
 -172.005000
 -170.823000
 -170.823000
 -170.823000
 -170.823000
 -170.823000
 -170.823000
 -170.823000
 -170.823000
 -170.823000
 -169.844000
 -169.844000
 -169.844000
 -169.844000
 -169.844000
 -169.844000
 -169.844000
 -169.844000
 -169.844000
 -169.844000
 -168.881000
 -168.881000
 -168.881000
 -168.881000
 -168.881000
 -168.881000
 -168.881000
 -168.881000
 -168.881000
 -168.881000
 -167.770000
 -167.770000
 -167.770000
 -167.770000
 -167.770000
 -167.770000
 -167.770000
 -167.770000
 -167.770000
 -167.770000
 -167.770000
 -167.415000
 -167.415000
 -167.415000
 -167.415000
 -167.415000
 -167.415000
 -167.415000
 -167.415000
 -167.415000
 -165.940000
 -165.940000
 -165.940000
 -165.940000
 -165.940000
 -165.940000
 -165.940000
 -165.940000
 -165.940000
 -164.687000
 -164.687000
 -164.687000
 -164.687000
 -164.687000
 -164.687000
 -164.687000
 -164.687000
 -164.687000
 -164.687000
 -164.687000
 -162.979000
 -162.979000
 -162.979000
 -162.979000
 -162.979000
 -162.979000
 -162.979000
 -162.979000
 -162.979000
 -162.979000
 -162.149000
 -162.149000
 -162.149000
 -162.149000
 -162.149000
 -162.149000
 -162.149000
 -162.149000
 -162.149000
 -162.149000
 -160.337000
 -160.337000
 -160.337000
 -160.337000
 -160.337000
 -160.337000
 -160.337000
 -160.337000
 -160.337000
 -160.337000
 -159.015000
 -159.015000
 -159.015000
 -159.015000
 -159.015000
 -159.015000
 -159.015000
 -159.015000
 -159.015000
 -159.015000
 -159.015000
 -158.146000
 -158.146000
 -158.146000
 -158.146000
 -158.146000
 -158.146000
 -158.146000
 -158.146000
 -158.146000
 -156.170000
 -156.170000
 -156.170000
 -156.170000
 -156.170000
 -156.170000
 -156.170000
 -156.170000
 -156.170000
 -154.593000
 -154.593000
 -154.593000
 -154.593000
 -154.593000
 -154.593000
 -154.593000
 -154.593000
 -154.593000
 -154.593000
 -154.593000
 -153.088000
 -153.088000
 -153.088000
 -153.088000
 -153.088000
 -153.088000
 -153.088000
 -153.088000
 -153.088000
 -153.088000
 -152.058000
 -152.058000
 -152.058000
 -152.058000
 -152.058000
 -152.058000
 -152.058000
 -152.058000
 -152.058000
 -152.058000
 -149.817000
 -149.817000
 -149.817000
 -149.817000
 -149.817000
 -149.817000
 -149.817000
 -149.817000
 -149.817000
 -149.817000
 -148.605000
 -148.605000
 -148.605000
 -148.605000
 -148.605000
 -148.605000
 -148.605000
 -148.605000
 -148.605000
 -148.605000
 -146.441000
 -146.441000
 -146.441000
 -146.441000
 -146.441000
 -146.441000
 -146.441000
 -146.441000
 -146.441000
 -144.676000
 -144.676000
 -144.676000
 -144.676000
 -144.676000
 -144.676000
 -144.676000
 -144.676000
 -144.676000
 -143.046000
 -143.046000
 -143.046000
 -143.046000
 -143.046000
 -143.046000
 -143.046000
 -143.046000
 -143.046000
 -143.046000
 -141.287000
 -141.287000
 -141.287000
 -141.287000
 -141.287000
 -141.287000
 -141.287000
 -141.287000
 -141.287000
 -141.287000
 -139.667000
 -139.667000
 -139.667000
 -139.667000
 -139.667000
 -139.667000
 -139.667000
 -139.667000
 -139.667000
 -139.667000
 -137.920000
 -137.920000
 -137.920000
 -137.920000
 -137.920000
 -137.920000
 -137.920000
 -137.920000
 -137.920000
 -137.920000
 -136.320000
 -136.320000
 -136.320000
 -136.320000
 -136.320000
 -136.320000
 -136.320000
 -136.320000
 -136.320000
 -135.133000
 -135.133000
 -135.133000
 -135.133000
 -135.133000
 -135.133000
 -135.133000
 -135.133000
 -135.133000
 -135.133000
 -135.133000
 -133.067000
 -133.067000
 -133.067000
 -133.067000
 -133.067000
 -133.067000
 -133.067000
 -133.067000
 -133.067000
 -131.426000
 -131.426000
 -131.426000
 -131.426000
 -131.426000
 -131.426000
 -131.426000
 -131.426000
 -131.426000
 -131.426000
 -129.954000
 -129.954000
 -129.954000
 -129.954000
 -129.954000
 -129.954000
 -129.954000
 -129.954000
 -129.954000
 -129.954000
 -129.954000
 -129.000000
 -129.000000
 -129.000000
 -129.000000
 -129.000000
 -129.000000
 -129.000000
 -129.000000
 -129.000000
 -127.081000
 -127.081000
 -127.081000
 -127.081000
 -127.081000
 -127.081000
 -127.081000
 -127.081000
 -127.081000
 -127.081000
 -125.689000
 -125.689000
 -125.689000
 -125.689000
 -125.689000
 -125.689000
 -125.689000
 -125.689000
 -125.689000
 -125.689000
 -124.454000
 -124.454000
 -124.454000
 -124.454000
 -124.454000
 -124.454000
 -124.454000
 -124.454000
 -124.454000
 -124.454000
 -123.160000
 -123.160000
 -123.160000
 -123.160000
 -123.160000
 -123.160000
 -123.160000
 -123.160000
 -123.160000
 -123.160000
 -121.998000
 -121.998000
 -121.998000
 -121.998000
 -121.998000
 -121.998000
 -121.998000
 -121.998000
 -121.998000
 -121.998000
 -121.998000
 -120.771000
 -120.771000
 -120.771000
 -120.771000
 -120.771000
 -120.771000
 -120.771000
 -120.771000
 -120.771000
 -120.771000
 -119.660000
 -119.660000
 -119.660000
 -119.660000
 -119.660000
 -119.660000
 -119.660000
 -119.660000
 -119.660000
 -118.473000
 -118.473000
 -118.473000
 -118.473000
 -118.473000
 -118.473000
 -118.473000
 -118.473000
 -118.473000
 -118.473000
 -117.749000
 -117.749000
 -117.749000
 -117.749000
 -117.749000
 -117.749000
 -117.749000
 -117.749000
 -117.749000
 -117.749000
 -116.226000
 -116.226000
 -116.226000
 -116.226000
 -116.226000
 -116.226000
 -116.226000
 -116.226000
 -116.226000
 -116.226000
 -115.158000
 -115.158000
 -115.158000
 -115.158000
 -115.158000
 -115.158000
 -115.158000
 -115.158000
 -115.158000
 -115.158000
 -114.005000
 -114.005000
 -114.005000
 -114.005000
 -114.005000
 -114.005000
 -114.005000
 -114.005000
 -114.005000
 -114.005000
 -112.942000
 -112.942000
 -112.942000
 -112.942000
 -112.942000
 -112.942000
 -112.942000
 -112.942000
 -112.942000
 -112.942000
 -112.942000
 -111.786000
 -111.786000
 -111.786000
 -111.786000
 -111.786000
 -111.786000
 -111.786000
 -111.786000
 -111.786000
 -111.786000
 -110.714000
 -110.714000
 -110.714000
 -110.714000
 -110.714000
 -110.714000
 -110.714000
 -110.714000
 -110.714000
 -110.714000
 -109.547000
 -109.547000
 -109.547000
 -109.547000
 -109.547000
 -109.547000
 -109.547000
 -109.547000
 -109.547000
 -109.547000
 -108.468000
 -108.468000
 -108.468000
 -108.468000
 -108.468000
 -108.468000
 -108.468000
 -108.468000
 -108.468000
 -107.300000
 -107.300000
 -107.300000
 -107.300000
 -107.300000
 -107.300000
 -107.300000
 -107.300000
 -107.300000
 -107.300000
 -106.225000
 -106.225000
 -106.225000
 -106.225000
 -106.225000
 -106.225000
 -106.225000
 -106.225000
 -106.225000
 -106.225000
 -106.225000
 -105.419000
 -105.419000
 -105.419000
 -105.419000
 -105.419000
 -105.419000
 -105.419000
 -105.419000
 -105.419000
 -103.994000
 -103.994000
 -103.994000
 -103.994000
 -103.994000
 -103.994000
 -103.994000
 -103.994000
 -103.994000
 -102.875000
 -102.875000
 -102.875000
 -102.875000
 -102.875000
 -102.875000
 -102.875000
 -102.875000
 -102.875000
 -102.875000
 -101.750000
 -101.750000
 -101.750000
 -101.750000
 -101.750000
 -101.750000
 -101.750000
 -101.750000
 -101.750000
 -101.750000
 -100.731000
 -100.731000
 -100.731000
 -100.731000
 -100.731000
 -100.731000
 -100.731000
 -100.731000
 -100.731000
 -99.647000
 -99.647000
 -99.647000
 -99.647000
 -99.647000
 -99.647000
 -99.647000
 -99.647000
 -99.647000
 -99.647000
 -98.665000
 -98.665000
 -98.665000
 -98.665000
 -98.665000
 -98.665000
 -98.665000
 -98.665000
 -98.665000
 -98.665000
 -97.620800
 -97.620800
 -97.620800
 -97.620800
 -97.620800
 -97.620800
 -97.620800
 -97.620800
 -97.620800
 -97.620800
 -96.673500
 -96.673500
 -96.673500
 -96.673500
 -96.673500
 -96.673500
 -96.673500
 -96.673500
 -96.673500
 -96.673500
 -95.662400
 -95.662400
 -95.662400
 -95.662400
 -95.662400
 -95.662400
 -95.662400
 -95.662400
 -95.662400
 -95.046200
 -95.046200
 -95.046200
 -95.046200
 -95.046200
 -95.046200
 -95.046200
 -93.742700
 -93.742700
 -93.742700
 -93.742700
 -93.742700
 -93.742700
 -93.742700
 -93.742700
 -93.742700
 -92.828800
 -92.828800
 -92.828800
 -92.828800
 -92.828800
 -92.828800
 -92.828800
 -92.828800
 -92.828800
 -91.842600
 -91.842600
 -91.842600
 -91.842600
 -91.842600
 -91.842600
 -91.842600
 -91.842600
 -91.842600
 -91.842600
 -90.927900
 -90.927900
 -90.927900
 -90.927900
 -90.927900
 -90.927900
 -90.927900
 -90.927900
 -90.314400
 -90.314400
 -90.314400
 -90.314400
 -90.314400
 -90.314400
 -90.314400
 -90.314400
 -90.314400
 -90.314400
 -90.314400
 -89.008600
 -89.008600
 -89.008600
 -89.008600
 -89.008600
 -89.008600
 -89.008600
 -88.007200
 -88.007200
 -88.007200
 -88.007200
 -88.007200
 -88.007200
 -88.007200
 -88.007200
 -88.007200
 -88.007200
 -87.077400
 -87.077400
 -87.077400
 -87.077400
 -87.077400
 -87.077400
 -87.077400
 -87.077400
 -87.077400
 -87.077400
 -86.374000
 -86.374000
 -86.374000
 -86.374000
 -86.374000
 -86.374000
 -86.374000
 -86.374000
 -86.374000
 -86.374000
 -85.434300
 -85.434300
 -85.434300
 -85.434300
 -85.434300
 -85.434300
 -85.434300
 -85.434300
 -85.434300
 -85.434300
 -84.094800
 -84.094800
 -84.094800
 -84.094800
 -84.094800
 -84.094800
 -84.094800
 -84.094800
 -84.094800
 -84.094800
 -83.151200
 -83.151200
 -83.151200
 -83.151200
 -83.151200
 -83.151200
 -83.151200
 -83.151200
 -83.151200
 -83.151200
 -83.151200
 -82.131700
 -82.131700
 -82.131700
 -82.131700
 -82.131700
 -82.131700
 -82.131700
 -82.131700
 -82.131700
 -81.189000
 -81.189000
 -81.189000
 -81.189000
 -81.189000
 -81.189000
 -81.189000
 -81.189000
 -81.189000
 -81.189000
 -80.874000
 -80.874000
 -80.874000
 -80.874000
 -80.874000
 -80.874000
 -80.874000
 -80.874000
 -80.874000
 -80.874000
 -79.240600
 -79.240600
 -79.240600
 -79.240600
 -79.240600
 -79.240600
 -79.240600
 -79.240600
 -79.240600
 -79.240600
 -78.240300
 -78.240300
 -78.240300
 -78.240300
 -78.240300
 -78.240300
 -78.240300
 -78.240300
 -78.240300
 -78.240300
 -78.240300
 -77.328700
 -77.328700
 -77.328700
 -77.328700
 -77.328700
 -77.328700
 -77.328700
 -77.328700
 -77.328700
 -76.345900
 -76.345900
 -76.345900
 -76.345900
 -76.345900
 -76.345900
 -76.345900
 -76.345900
 -76.345900
 -76.345900
 -75.743000
 -75.743000
 -75.743000
 -75.743000
 -75.743000
 -75.743000
 -75.743000
 -75.743000
 -75.743000
 -75.743000
 -74.464900
 -74.464900
 -74.464900
 -74.464900
 -74.464900
 -74.464900
 -74.464900
 -74.464900
 -74.464900
 -74.464900
 -73.574600
 -73.574600
 -73.574600
 -73.574600
 -73.574600
 -73.574600
 -73.574600
 -73.574600
 -73.574600
 -73.574600
 -72.620200
 -72.620200
 -72.620200
 -72.620200
 -72.620200
 -72.620200
 -72.620200
 -72.620200
 -72.620200
 -72.620200
 -71.738200
 -71.738200
 -71.738200
 -71.738200
 -71.738200
 -71.738200
 -71.738200
 -71.738200
 -71.738200
 -71.153900
 -71.153900
 -71.153900
 -71.153900
 -71.153900
 -71.153900
 -71.153900
 -71.153900
 -71.153900
 -71.153900
 -69.923300
 -69.923300
 -69.923300
 -69.923300
 -69.923300
 -69.923300
 -69.923300
 -69.923300
 -69.923300
 -69.923300
 -69.923300
 -68.987800
 -68.987800
 -68.987800
 -68.987800
 -68.987800
 -68.987800
 -68.987800
 -68.987800
 -68.987800
 -68.987800
 -68.128400
 -68.128400
 -68.128400
 -68.128400
 -68.128400
 -68.128400
 -68.128400
 -68.128400
 -68.128400
 -68.128400
 -67.485800
 -67.485800
 -67.485800
 -67.485800
 -67.485800
 -67.485800
 -67.485800
 -67.485800
 -67.485800
 -67.485800
 -66.639200
 -66.639200
 -66.639200
 -66.639200
 -66.639200
 -66.639200
 -66.639200
 -66.639200
 -66.639200
 -66.639200
 -65.436100
 -65.436100
 -65.436100
 -65.436100
 -65.436100
 -65.436100
 -65.436100
 -65.436100
 -65.436100
 -65.436100
 -65.436100
 -64.588700
 -64.588700
 -64.588700
 -64.588700
 -64.588700
 -64.588700
 -64.588700
 -64.588700
 -64.588700
 -64.007600
 -64.007600
 -64.007600
 -64.007600
 -64.007600
 -64.007600
 -64.007600
 -64.007600
 -64.007600
 -64.007600
 -62.793900
 -62.793900
 -62.793900
 -62.793900
 -62.793900
 -62.793900
 -62.793900
 -62.793900
 -62.793900
 -62.793900
 -62.793900
 -61.927900
 -61.927900
 -61.927900
 -61.927900
 -61.927900
 -61.927900
 -61.927900
 -61.927900
 -61.927900
 -60.980500
 -60.980500
 -60.980500
 -60.980500
 -60.980500
 -60.980500
 -60.980500
 -60.980500
 -60.980500
 -60.980500
 -60.102100
 -60.102100
 -60.102100
 -60.102100
 -60.102100
 -60.102100
 -60.102100
 -60.102100
 -60.102100
 -60.102100
 -59.145000
 -59.145000
 -59.145000
 -59.145000
 -59.145000
 -59.145000
 -59.145000
 -59.145000
 -58.251800
 -58.251800
 -58.251800
 -58.251800
 -58.251800
 -58.251800
 -58.251800
 -58.251800
 -58.251800
 -58.251800
 -58.251800
 -57.580000
 -57.580000
 -57.580000
 -57.580000
 -57.580000
 -57.580000
 -57.580000
 -57.580000
 -57.580000
 -57.580000
 -56.360100
 -56.360100
 -56.360100
 -56.360100
 -56.360100
 -56.360100
 -56.360100
 -56.360100
 -56.360100
 -56.360100
 -55.361700
 -55.361700
 -55.361700
 -55.361700
 -55.361700
 -55.361700
 -55.361700
 -55.361700
 -55.361700
 -54.436500
 -54.436500
 -54.436500
 -54.436500
 -54.436500
 -54.436500
 -54.436500
 -54.436500
 -54.436500
 -54.436500
 -53.435900
 -53.435900
 -53.435900
 -53.435900
 -53.435900
 -53.435900
 -53.435900
 -53.435900
 -53.435900
 -53.435900
 -53.435900
 -52.441800
 -52.441800
 -52.441800
 -52.441800
 -52.441800
 -52.441800
 -52.441800
 -52.441800
 -52.441800
 -52.441800
 -51.535300
 -51.535300
 -51.535300
 -51.535300
 -51.535300
 -51.535300
 -51.535300
 -51.535300
 -51.535300
 -51.535300
 -50.645000
 -50.645000
 -50.645000
 -50.645000
 -50.645000
 -50.645000
 -50.645000
 -50.645000
 -50.645000
 -50.645000
 -49.702600
 -49.702600
 -49.702600
 -49.702600
 -49.702600
 -49.702600
 -49.702600
 -49.702600
 -49.702600
 -49.702600
 -48.847600
 -48.847600
 -48.847600
 -48.847600
 -48.847600
 -48.847600
 -48.847600
 -48.847600
 -48.847600
 -48.847600
 -47.943800
 -47.943800
 -47.943800
 -47.943800
 -47.943800
 -47.943800
 -47.943800
 -47.943800
 -47.943800
 -47.943800
 -47.127500
 -47.127500
 -47.127500
 -47.127500
 -47.127500
 -47.127500
 -47.127500
 -47.127500
 -47.127500
 -46.252700
 -46.252700
 -46.252700
 -46.252700
 -46.252700
 -46.252700
 -46.252700
 -46.252700
 -46.252700
 -45.393300
 -45.393300
 -45.393300
 -45.393300
 -45.393300
 -45.393300
 -45.393300
 -45.393300
 -45.393300
 -44.599000
 -44.599000
 -44.599000
 -44.599000
 -44.599000
 -44.599000
 -44.599000
 -44.599000
 -44.599000
 -44.599000
 -43.748600
 -43.748600
 -43.748600
 -43.748600
 -43.748600
 -43.748600
 -43.748600
 -43.748600
 -43.748600
 -43.748600
 -43.231500
 -43.231500
 -43.231500
 -43.231500
 -43.231500
 -43.231500
 -43.231500
 -43.231500
 -43.231500
 -43.231500
 -42.116300
 -42.116300
 -42.116300
 -42.116300
 -42.116300
 -42.116300
 -42.116300
 -42.116300
 -42.116300
 -42.116300
 -41.331100
 -41.331100
 -41.331100
 -41.331100
 -41.331100
 -41.331100
 -41.331100
 -41.331100
 -41.331100
 -41.331100
 -40.544600
 -40.544600
 -40.544600
 -40.544600
 -40.544600
 -40.544600
 -40.544600
 -40.544600
 -40.544600
 -40.544600
 -39.692200
 -39.692200
 -39.692200
 -39.692200
 -39.692200
 -39.692200
 -39.692200
 -39.692200
 -38.893400
 -38.893400
 -38.893400
 -38.893400
 -38.893400
 -38.893400
 -38.893400
 -38.893400
 -38.893400
 -38.893400
 -38.893400
 -38.010300
 -38.010300
 -38.010300
 -38.010300
 -38.010300
 -38.010300
 -38.010300
 -38.010300
 -38.010300
 -38.010300
 -37.183900
 -37.183900
 -37.183900
 -37.183900
 -37.183900
 -37.183900
 -37.183900
 -37.183900
 -37.183900
 -37.183900
 -36.271200
 -36.271200
 -36.271200
 -36.271200
 -36.271200
 -36.271200
 -36.271200
 -36.271200
 -36.271200
 -36.271200
 -35.341600
 -35.341600
 -35.341600
 -35.341600
 -35.341600
 -35.341600
 -35.341600
 -35.341600
 -35.341600
 -35.341600
 -34.472000
 -34.472000
 -34.472000
 -34.472000
 -34.472000
 -34.472000
 -34.472000
 -34.472000
 -34.472000
 -34.472000
 -33.597200
 -33.597200
 -33.597200
 -33.597200
 -33.597200
 -33.597200
 -33.597200
 -33.597200
 -33.597200
 -33.597200
 -32.645100
 -32.645100
 -32.645100
 -32.645100
 -32.645100
 -32.645100
 -32.645100
 -32.645100
 -32.645100
 -32.645100
 -31.763700
 -31.763700
 -31.763700
 -31.763700
 -31.763700
 -31.763700
 -31.763700
 -31.763700
 -31.763700
 -31.763700
 -30.806700
 -30.806700
 -30.806700
 -30.806700
 -30.806700
 -30.806700
 -30.806700
 -30.806700
 -30.806700
 -30.806700
 -30.509300
 -30.509300
 -30.509300
 -30.509300
 -30.509300
 -30.509300
 -30.509300
 -30.509300
 -30.509300
 -30.509300
 -28.970400
 -28.970400
 -28.970400
 -28.970400
 -28.970400
 -28.970400
 -28.970400
 -28.970400
 -28.970400
 -28.970400
 -28.083700
 -28.083700
 -28.083700
 -28.083700
 -28.083700
 -28.083700
 -28.083700
 -28.083700
 -28.083700
 -28.083700
 -27.439000
 -27.439000
 -27.439000
 -27.439000
 -27.439000
 -27.439000
 -27.439000
 -27.439000
 -27.439000
 -27.439000
 -26.287800
 -26.287800
 -26.287800
 -26.287800
 -26.287800
 -26.287800
 -26.287800
 -26.287800
 -26.287800
 -26.287800
 -25.359800
 -25.359800
 -25.359800
 -25.359800
 -25.359800
 -25.359800
 -25.359800
 -25.359800
 -25.359800
 -25.359800
 -24.512500
 -24.512500
 -24.512500
 -24.512500
 -24.512500
 -24.512500
 -24.512500
 -24.512500
 -24.512500
 -24.512500
 -23.604200
 -23.604200
 -23.604200
 -23.604200
 -23.604200
 -23.604200
 -23.604200
 -23.604200
 -23.604200
 -23.042800
 -23.042800
 -23.042800
 -23.042800
 -23.042800
 -23.042800
 -23.042800
 -23.042800
 -23.042800
 -23.042800
 -21.861500
 -21.861500
 -21.861500
 -21.861500
 -21.861500
 -21.861500
 -21.861500
 -21.861500
 -21.861500
 -21.861500
 -21.861500
 -21.033300
 -21.033300
 -21.033300
 -21.033300
 -21.033300
 -21.033300
 -21.033300
 -21.033300
 -21.033300
 -21.033300
 -20.416400
 -20.416400
 -20.416400
 -20.416400
 -20.416400
 -20.416400
 -20.416400
 -20.416400
 -20.416400
 -20.416400
 -19.317100
 -19.317100
 -19.317100
 -19.317100
 -19.317100
 -19.317100
 -19.317100
 -19.317100
 -19.317100
 -19.317100
 -18.704900
 -18.704900
 -18.704900
 -18.704900
 -18.704900
 -18.704900
 -18.704900
 -18.704900
 -18.704900
 -18.704900
 -17.878800
 -17.878800
 -17.878800
 -17.878800
 -17.878800
 -17.878800
 -17.878800
 -17.878800
 -17.878800
 -17.878800
 -16.725700
 -16.725700
 -16.725700
 -16.725700
 -16.725700
 -16.725700
 -16.725700
 -16.725700
 -16.725700
 -16.725700
 -15.923200
 -15.923200
 -15.923200
 -15.923200
 -15.923200
 -15.923200
 -15.923200
 -15.923200
 -15.923200
 -15.923200
 -15.054200
 -15.054200
 -15.054200
 -15.054200
 -15.054200
 -15.054200
 -15.054200
 -15.054200
 -15.054200
 -15.054200
 -14.238300
 -14.238300
 -14.238300
 -14.238300
 -14.238300
 -14.238300
 -14.238300
 -14.238300
 -14.238300
 -14.238300
 -13.329500
 -13.329500
 -13.329500
 -13.329500
 -13.329500
 -13.329500
 -13.329500
 -13.329500
 -13.329500
 -13.329500
 -12.751600
 -12.751600
 -12.751600
 -12.751600
 -12.751600
 -12.751600
 -12.751600
 -12.751600
 -12.751600
 -12.751600
 -11.452000
 -11.452000
 -11.452000
 -11.452000
 -11.452000
 -11.452000
 -11.452000
 -11.452000
 -11.452000
 -11.452000
 -10.455700
 -10.455700
 -10.455700
 -10.455700
 -10.455700
 -10.455700
 -10.455700
 -10.455700
 -10.455700
 -10.455700
 -9.659860
 -9.659860
 -9.659860
 -9.659860
 -9.659860
 -9.659860
 -9.659860
 -9.659860
 -9.659860
 -8.524330
 -8.524330
 -8.524330
 -8.524330
 -8.524330
 -8.524330
 -8.524330
 -8.524330
 -8.524330
 -8.524330
 -8.524330
 -7.320150
 -7.320150
 -7.320150
 -7.320150
 -7.320150
 -7.320150
 -7.320150
 -7.320150
 -7.320150
 -7.320150
 -5.478770
 -5.478770
 -5.478770
 -5.478770
 -5.478770
 -5.478770
 -5.478770
 -5.478770
 -5.478770
 -5.478770
 -4.462870
 -4.462870
 -4.462870
 -4.462870
 -4.462870
 -4.462870
 -4.462870
 -4.462870
 -4.462870
 -4.462870
 -2.578700
 -2.578700
 -2.578700
 -2.578700
 -2.578700
 -2.578700
 -2.578700
 -2.578700
 -2.578700
 -2.578700
 -0.990233
 -0.990233
 -0.990233
 -0.990233
 -0.990233
 -0.990233
 -0.990233
 -0.990233
 -0.990233
 -0.990233
 0.515593
 0.515593
 0.515593
 0.515593
 0.515593
 0.515593
 0.515593
 0.515593
 0.515593
 0.515593
 2.060670
 2.060670
 2.060670
 2.060670
 2.060670
 2.060670
 2.060670
 2.060670
 2.060670
 2.060670
 3.242850
 3.242850
 3.242850
 3.242850
 3.242850
 3.242850
 3.242850
 3.242850
 3.242850
 5.518440
 5.518440
 5.518440
 5.518440
 5.518440
 5.518440
 5.518440
 5.518440
 5.518440
 5.518440
 7.164470
 7.164470
 7.164470
 7.164470
 7.164470
 7.164470
 7.164470
 7.164470
 7.164470
 8.979550
 8.979550
 8.979550
 8.979550
 8.979550
 8.979550
 8.979550
 8.979550
 8.979550
 8.979550
 8.979550
 10.679200
 10.679200
 10.679200
 10.679200
 10.679200
 10.679200
 10.679200
 10.679200
 10.679200
 10.679200
 12.400000
 12.400000
 12.400000
 12.400000
 12.400000
 12.400000
 12.400000
 12.400000
 12.400000
 12.400000
 13.705000
 13.705000
 13.705000
 13.705000
 13.705000
 13.705000
 13.705000
 13.705000
 13.705000
 13.705000
 16.193200
 16.193200
 16.193200
 16.193200
 16.193200
 16.193200
 16.193200
 16.193200
 16.193200
 16.193200
 17.963700
 17.963700
 17.963700
 17.963700
 17.963700
 17.963700
 17.963700
 17.963700
 17.963700
 17.963700
 19.891200
 19.891200
 19.891200
 19.891200
 19.891200
 19.891200
 19.891200
 19.891200
 19.891200
 19.891200
 21.672500
 21.672500
 21.672500
 21.672500
 21.672500
 21.672500
 21.672500
 21.672500
 21.672500
 21.672500
 23.557500
 23.557500
 23.557500
 23.557500
 23.557500
 23.557500
 23.557500
 23.557500
 23.557500
 23.557500
 25.483900
 25.483900
 25.483900
 25.483900
 25.483900
 25.483900
 25.483900
 25.483900
 25.483900
 25.483900
 27.262000
 27.262000
 27.262000
 27.262000
 27.262000
 27.262000
 27.262000
 27.262000
 27.262000
 27.262000
 29.029800
 29.029800
 29.029800
 29.029800
 29.029800
 29.029800
 29.029800
 29.029800
 29.029800
 29.029800
 30.931100
 30.931100
 30.931100
 30.931100
 30.931100
 30.931100
 30.931100
 30.931100
 30.931100
 30.931100
 32.814400
 32.814400
 32.814400
 32.814400
 32.814400
 32.814400
 32.814400
 32.814400
 32.814400
 32.814400
 34.538400
 34.538400
 34.538400
 34.538400
 34.538400
 34.538400
 34.538400
 34.538400
 34.538400
 34.538400
 36.379800
 36.379800
 36.379800
 36.379800
 36.379800
 36.379800
 36.379800
 36.379800
 36.379800
 36.379800
 37.497700
 37.497700
 37.497700
 37.497700
 37.497700
 37.497700
 37.497700
 37.497700
 37.497700
 37.497700
 39.708400
 39.708400
 39.708400
 39.708400
 39.708400
 39.708400
 39.708400
 39.708400
 39.708400
 39.708400
 41.468600
 41.468600
 41.468600
 41.468600
 41.468600
 41.468600
 41.468600
 41.468600
 41.468600
 41.468600
 43.196000
 43.196000
 43.196000
 43.196000
 43.196000
 43.196000
 43.196000
 43.196000
 43.196000
 43.196000
 44.760600
 44.760600
 44.760600
 44.760600
 44.760600
 44.760600
 44.760600
 44.760600
 44.760600
 44.760600
 46.292900
 46.292900
 46.292900
 46.292900
 46.292900
 46.292900
 46.292900
 46.292900
 46.292900
 46.292900
 47.913600
 47.913600
 47.913600
 47.913600
 47.913600
 47.913600
 47.913600
 47.913600
 47.913600
 47.913600
 49.488700
 49.488700
 49.488700
 49.488700
 49.488700
 49.488700
 49.488700
 49.488700
 49.488700
 49.488700
 50.897000
 50.897000
 50.897000
 50.897000
 50.897000
 50.897000
 50.897000
 50.897000
 50.897000
 50.897000
 52.365700
 52.365700
 52.365700
 52.365700
 52.365700
 52.365700
 52.365700
 52.365700
 52.365700
 52.365700
 53.667800
 53.667800
 53.667800
 53.667800
 53.667800
 53.667800
 53.667800
 53.667800
 53.667800
 53.667800
 54.918600
 54.918600
 54.918600
 54.918600
 54.918600
 54.918600
 54.918600
 54.918600
 54.918600
 54.918600
 56.208800
 56.208800
 56.208800
 56.208800
 56.208800
 56.208800
 56.208800
 56.208800
 56.208800
 56.208800
 56.969200
 56.969200
 56.969200
 56.969200
 56.969200
 56.969200
 56.969200
 56.969200
 56.969200
 56.969200
 58.495900
 58.495900
 58.495900
 58.495900
 58.495900
 58.495900
 58.495900
 58.495900
 58.495900
 58.495900
 59.584700
 59.584700
 59.584700
 59.584700
 59.584700
 59.584700
 59.584700
 59.584700
 59.584700
 59.584700
 60.527900
 60.527900
 60.527900
 60.527900
 60.527900
 60.527900
 60.527900
 60.527900
 60.527900
 60.527900
 61.126800
 61.126800
 61.126800
 61.126800
 61.126800
 61.126800
 61.126800
 61.126800
 61.126800
 61.126800
 62.312300
 62.312300
 62.312300
 62.312300
 62.312300
 62.312300
 62.312300
 62.312300
 62.312300
 62.312300
 63.158400
 63.158400
 