 1.385250
 1.385250
 1.385250
 1.385250
 1.123370
 1.123370
 1.123370
 1.123370
 1.123370
 1.123370
 1.123370
 1.123370
 1.123370
 1.123370
 1.123370
 0.668175
 0.668175
 0.668175
 0.668175
 0.668175
 0.668175
 0.668175
 0.668175
 0.668175
 0.668175
 0.415687
 0.415687
 0.415687
 0.415687
 0.415687
 0.415687
 0.415687
 0.415687
 0.415687
 0.415687
 0.253642
 0.253642
 0.253642
 0.253642
 0.253642
 0.253642
 0.253642
 0.253642
 0.253642
 0.150102
 0.150102
 0.150102
 0.150102
 0.150102
 0.150102
 0.150102
 0.150102
 0.150102
 0.150102
 0.150102
 0.115990
 0.115990
 0.115990
 0.115990
 0.115990
 0.115990
 0.115990
 0.115990
 0.115990
 0.115990
 0.139211
 0.139211
 0.139211
 0.139211
 0.139211
 0.139211
 0.139211
 0.139211
 0.139211
 0.139211
 0.213216
 0.213216
 0.213216
 0.213216
 0.213216
 0.213216
 0.213216
 0.213216
 0.298285
 0.298285
 0.298285
 0.298285
 0.298285
 0.298285
 0.298285
 0.298285
 0.298285
 0.298285
 0.298285
 0.515517
 0.515517
 0.515517
 0.515517
 0.515517
 0.515517
 0.515517
 0.515517
 0.515517
 0.515517
 0.764080
 0.764080
 0.764080
 0.764080
 0.764080
 0.764080
 0.764080
 0.764080
 0.764080
 1.057160
 1.057160
 1.057160
 1.057160
 1.057160
 1.057160
 1.057160
 1.057160
 1.057160
 1.057160
 1.057160
 1.451390
 1.451390
 1.451390
 1.451390
 1.451390
 1.451390
 1.451390
 1.451390
 1.451390
 1.884910
 1.884910
 1.884910
 1.884910
 1.884910
 1.884910
 1.884910
 1.884910
 1.884910
 1.884910
 2.424880
 2.424880
 2.424880
 2.424880
 2.424880
 2.424880
 2.424880
 2.424880
 2.424880
 2.986370
 2.986370
 2.986370
 2.986370
 2.986370
 2.986370
 2.986370
 2.986370
 2.986370
 2.986370
 2.986370
 3.658260
 3.658260
 3.658260
 3.658260
 3.658260
 3.658260
 3.658260
 3.658260
 3.658260
 4.102040
 4.102040
 4.102040
 4.102040
 4.102040
 4.102040
 4.102040
 4.102040
 4.102040
 4.102040
 4.102040
 5.117660
 5.117660
 5.117660
 5.117660
 5.117660
 5.117660
 5.117660
 5.117660
 5.117660
 5.117660
 5.900630
 5.900630
 5.900630
 5.900630
 5.900630
 5.900630
 5.900630
 5.900630
 5.900630
 6.811830
 6.811830
 6.811830
 6.811830
 6.811830
 6.811830
 6.811830
 6.811830
 6.811830
 6.811830
 6.811830
 7.719440
 7.719440
 7.719440
 7.719440
 7.719440
 7.719440
 7.719440
 7.719440
 7.719440
 7.719440
 8.779250
 8.779250
 8.779250
 8.779250
 8.779250
 8.779250
 8.779250
 8.779250
 8.779250
 9.832050
 9.832050
 9.832050
 9.832050
 9.832050
 9.832050
 9.832050
 9.832050
 9.832050
 9.832050
 9.832050
 11.047300
 11.047300
 11.047300
 11.047300
 11.047300
 11.047300
 11.047300
 11.047300
 11.047300
 11.047300
 12.230400
 12.230400
 12.230400
 12.230400
 12.230400
 12.230400
 12.230400
 12.230400
 12.230400
 12.230400
 13.049900
 13.049900
 13.049900
 13.049900
 13.049900
 13.049900
 13.049900
 13.049900
 14.428500
 14.428500
 14.428500
 14.428500
 14.428500
 14.428500
 14.428500
 14.428500
 14.428500
 14.428500
 14.428500
 16.298000
 16.298000
 16.298000
 16.298000
 16.298000
 16.298000
 16.298000
 16.298000
 16.298000
 16.298000
 16.298000
 17.204600
 17.204600
 17.204600
 17.204600
 17.204600
 17.204600
 17.204600
 17.204600
 17.204600
 19.204600
 19.204600
 19.204600
 19.204600
 19.204600
 19.204600
 19.204600
 19.204600
 19.204600
 19.204600
 19.204600
 20.184800
 20.184800
 20.184800
 20.184800
 20.184800
 20.184800
 20.184800
 20.184800
 20.184800
 22.384000
 22.384000
 22.384000
 22.384000
 22.384000
 22.384000
 22.384000
 22.384000
 22.384000
 22.384000
 23.454800
 23.454800
 23.454800
 23.454800
 23.454800
 23.454800
 23.454800
 23.454800
 23.454800
 25.827300
 25.827300
 25.827300
 25.827300
 25.827300
 25.827300
 25.827300
 25.827300
 25.827300
 25.827300
 27.573000
 27.573000
 27.573000
 27.573000
 27.573000
 27.573000
 27.573000
 27.573000
 27.573000
 27.573000
 29.523000
 29.523000
 29.523000
 29.523000
 29.523000
 29.523000
 29.523000
 29.523000
 29.523000
 29.523000
 29.523000
 31.371500
 31.371500
 31.371500
 31.371500
 31.371500
 31.371500
 31.371500
 31.371500
 31.371500
 31.371500
 33.420600
 33.420600
 33.420600
 33.420600
 33.420600
 33.420600
 33.420600
 33.420600
 34.702100
 34.702100
 34.702100
 34.702100
 34.702100
 34.702100
 34.702100
 34.702100
 34.702100
 34.702100
 37.471300
 37.471300
 37.471300
 37.471300
 37.471300
 37.471300
 37.471300
 37.471300
 37.471300
 37.471300
 37.471300
 38.801700
 38.801700
 38.801700
 38.801700
 38.801700
 38.801700
 38.801700
 38.801700
 41.692700
 41.692700
 41.692700
 41.692700
 41.692700
 41.692700
 41.692700
 41.692700
 41.692700
 41.692700
 41.692700
 43.784100
 43.784100
 43.784100
 43.784100
 43.784100
 43.784100
 43.784100
 43.784100
 43.784100
 46.097700
 46.097700
 46.097700
 46.097700
 46.097700
 46.097700
 46.097700
 46.097700
 48.277800
 48.277800
 48.277800
 48.277800
 48.277800
 48.277800
 48.277800
 48.277800
 48.277800
 48.277800
 50.497400
 50.497400
 50.497400
 50.497400
 50.497400
 50.497400
 50.497400
 50.497400
 50.497400
 50.497400
 52.947800
 52.947800
 52.947800
 52.947800
 52.947800
 52.947800
 52.947800
 52.947800
 52.947800
 55.441900
 55.441900
 55.441900
 55.441900
 55.441900
 55.441900
 55.441900
 55.441900
 55.441900
 55.441900
 57.780600
 57.780600
 57.780600
 57.780600
 57.780600
 57.780600
 57.780600
 57.780600
 57.780600
 57.780600
 60.350900
 60.350900
 60.350900
 60.350900
 60.350900
 60.350900
 60.350900
 60.350900
 60.350900
 62.750100
 62.750100
 62.750100
 62.750100
 62.750100
 62.750100
 62.750100
 62.750100
 62.750100
 62.750100
 62.750100
 64.361100
 64.361100
 64.361100
 64.361100
 64.361100
 64.361100
 64.361100
 64.361100
 64.361100
 64.361100
 67.804500
 67.804500
 67.804500
 67.804500
 67.804500
 67.804500
 67.804500
 67.804500
 67.804500
 67.804500
 70.451100
 70.451100
 70.451100
 70.451100
 70.451100
 70.451100
 70.451100
 70.451100
 70.451100
 70.451100
 72.901400
 72.901400
 72.901400
 72.901400
 72.901400
 72.901400
 72.901400
 72.901400
 72.901400
 72.901400
 75.356500
 75.356500
 75.356500
 75.356500
 75.356500
 75.356500
 75.356500
 75.356500
 78.014800
 78.014800
 78.014800
 78.014800
 78.014800
 78.014800
 78.014800
 78.014800
 78.014800
 78.014800
 80.667500
 80.667500
 80.667500
 80.667500
 80.667500
 80.667500
 80.667500
 80.667500
 80.667500
 80.667500
 82.293900
 82.293900
 82.293900
 82.293900
 82.293900
 82.293900
 82.293900
 82.293900
 82.293900
 82.293900
 82.293900
 85.715800
 85.715800
 85.715800
 85.715800
 85.715800
 85.715800
 85.715800
 85.715800
 85.715800
 85.715800
 87.306400
 87.306400
 87.306400
 87.306400
 87.306400
 87.306400
 87.306400
 87.306400
 87.306400
 87.306400
 90.632500
 90.632500
 90.632500
 90.632500
 90.632500
 90.632500
 90.632500
 90.632500
 90.632500
 92.938600
 92.938600
 92.938600
 92.938600
 92.938600
 92.938600
 92.938600
 92.938600
 92.938600
 92.938600
 95.394700
 95.394700
 95.394700
 95.394700
 95.394700
 95.394700
 95.394700
 95.394700
 95.394700
 95.394700
 95.394700
 97.618100
 97.618100
 97.618100
 97.618100
 97.618100
 97.618100
 97.618100
 97.618100
 97.618100
 97.618100
 99.257100
 99.257100
 99.257100
 99.257100
 99.257100
 99.257100
 99.257100
 99.257100
 99.257100
 99.257100
 102.117000
 102.117000
 102.117000
 102.117000
 102.117000
 102.117000
 102.117000
 102.117000
 102.117000
 102.117000
 103.524000
 103.524000
 103.524000
 103.524000
 103.524000
 103.524000
 103.524000
 103.524000
 103.524000
 106.478000
 106.478000
 106.478000
 106.478000
 106.478000
 106.478000
 106.478000
 106.478000
 106.478000
 106.478000
 106.478000
 108.711000
 108.711000
 108.711000
 108.711000
 108.711000
 108.711000
 108.711000
 108.711000
 108.711000
 108.711000
 110.077000
 110.077000
 110.077000
 110.077000
 110.077000
 110.077000
 110.077000
 110.077000
 110.077000
 110.077000
 112.967000
 112.967000
 112.967000
 112.967000
 112.967000
 112.967000
 112.967000
 112.967000
 112.967000
 112.967000
 115.026000
 115.026000
 115.026000
 115.026000
 115.026000
 115.026000
 115.026000
 115.026000
 115.026000
 115.026000
 117.045000
 117.045000
 117.045000
 117.045000
 117.045000
 117.045000
 117.045000
 117.045000
 117.045000
 117.045000
 118.555000
 118.555000
 118.555000
 118.555000
 118.555000
 118.555000
 118.555000
 118.555000
 118.555000
 118.555000
 121.231000
 121.231000
 121.231000
 121.231000
 121.231000
 121.231000
 121.231000
 121.231000
 121.231000
 121.231000
 123.398000
 123.398000
 123.398000
 123.398000
 123.398000
 123.398000
 123.398000
 123.398000
 123.398000
 123.398000
 125.387000
 125.387000
 125.387000
 125.387000
 125.387000
 125.387000
 125.387000
 125.387000
 125.387000
 125.387000
 126.872000
 126.872000
 126.872000
 126.872000
 126.872000
 126.872000
 126.872000
 126.872000
 126.872000
 126.872000
 128.843000
 128.843000
 128.843000
 128.843000
 128.843000
 128.843000
 128.843000
 128.843000
 128.843000
 131.607000
 131.607000
 131.607000
 131.607000
 131.607000
 131.607000
 131.607000
 131.607000
 131.607000
 133.539000
 133.539000
 133.539000
 133.539000
 133.539000
 133.539000
 133.539000
 133.539000
 133.539000
 133.539000
 135.614000
 135.614000
 135.614000
 135.614000
 135.614000
 135.614000
 135.614000
 135.614000
 135.614000
 135.614000
 135.614000
 137.511000
 137.511000
 137.511000
 137.511000
 137.511000
 137.511000
 137.511000
 137.511000
 137.511000
 137.511000
 138.922000
 138.922000
 138.922000
 138.922000
 138.922000
 138.922000
 138.922000
 138.922000
 138.922000
 141.406000
 141.406000
 141.406000
 141.406000
 141.406000
 141.406000
 141.406000
 141.406000
 141.406000
 141.406000
 143.404000
 143.404000
 143.404000
 143.404000
 143.404000
 143.404000
 143.404000
 143.404000
 143.404000
 143.404000
 145.236000
 145.236000
 145.236000
 145.236000
 145.236000
 145.236000
 145.236000
 145.236000
 145.236000
 145.236000
 146.600000
 146.600000
 146.600000
 146.600000
 146.600000
 146.600000
 146.600000
 146.600000
 146.600000
 146.600000
 149.007000
 149.007000
 149.007000
 149.007000
 149.007000
 149.007000
 149.007000
 149.007000
 149.007000
 149.007000
 149.007000
 150.949000
 150.949000
 150.949000
 150.949000
 150.949000
 150.949000
 150.949000
 150.949000
 150.949000
 152.729000
 152.729000
 152.729000
 152.729000
 152.729000
 152.729000
 152.729000
 152.729000
 152.729000
 152.729000
 154.056000
 154.056000
 154.056000
 154.056000
 154.056000
 154.056000
 154.056000
 154.056000
 154.056000
 154.056000
 156.408000
 156.408000
 156.408000
 156.408000
 156.408000
 156.408000
 156.408000
 156.408000
 156.408000
 156.408000
 158.303000
 158.303000
 158.303000
 158.303000
 158.303000
 158.303000
 158.303000
 158.303000
 158.303000
 158.303000
 160.041000
 160.041000
 160.041000
 160.041000
 160.041000
 160.041000
 160.041000
 160.041000
 160.041000
 160.041000
 161.915000
 161.915000
 161.915000
 161.915000
 161.915000
 161.915000
 161.915000
 161.915000
 161.915000
 161.915000
 161.915000
 163.064000
 163.064000
 163.064000
 163.064000
 163.064000
 163.064000
 163.064000
 163.064000
 163.064000
 163.064000
 165.486000
 165.486000
 165.486000
 165.486000
 165.486000
 165.486000
 165.486000
 165.486000
 165.486000
 165.486000
 167.182000
 167.182000
 167.182000
 167.182000
 167.182000
 167.182000
 167.182000
 167.182000
 167.182000
 169.004000
 169.004000
 169.004000
 169.004000
 169.004000
 169.004000
 169.004000
 169.004000
 169.004000
 169.004000
 170.677000
 170.677000
 170.677000
 170.677000
 170.677000
 170.677000
 170.677000
 170.677000
 170.677000
 170.677000
 172.484000
 172.484000
 172.484000
 172.484000
 172.484000
 172.484000
 172.484000
 172.484000
 172.484000
 172.484000
 174.143000
 174.143000
 174.143000
 174.143000
 174.143000
 174.143000
 174.143000
 174.143000
 174.143000
 174.143000
 175.379000
 175.379000
 175.379000
 175.379000
 175.379000
 175.379000
 175.379000
 175.379000
 175.379000
 175.379000
 177.573000
 177.573000
 177.573000
 177.573000
 177.573000
 177.573000
 177.573000
 177.573000
 177.573000
 177.573000
 179.356000
 179.356000
 179.356000
 179.356000
 179.356000
 179.356000
 179.356000
 179.356000
 179.356000
 179.356000
 180.996000
 180.996000
 180.996000
 180.996000
 180.996000
 180.996000
 180.996000
 180.996000
 180.996000
 180.996000
 182.774000
 182.774000
 182.774000
 182.774000
 182.774000
 182.774000
 182.774000
 182.774000
 182.774000
 182.774000
 184.411000
 184.411000
 184.411000
 184.411000
 184.411000
 184.411000
 184.411000
 184.411000
 184.411000
 184.411000
 184.411000
 186.177000
 186.177000
 186.177000
 186.177000
 186.177000
 186.177000
 186.177000
 186.177000
 186.177000
 187.802000
 187.802000
 187.802000
 187.802000
 187.802000
 187.802000
 187.802000
 187.802000
 187.802000
 187.802000
 189.530000
 189.530000
 189.530000
 189.530000
 189.530000
 189.530000
 189.530000
 189.530000
 189.530000
 189.530000
 191.297000
 191.297000
 191.297000
 191.297000
 191.297000
 191.297000
 191.297000
 191.297000
 191.297000
 191.297000
 192.932000
 192.932000
 192.932000
 192.932000
 192.932000
 192.932000
 192.932000
 192.932000
 192.932000
 192.932000
 192.932000
 194.698000
 194.698000
 194.698000
 194.698000
 194.698000
 194.698000
 194.698000
 194.698000
 195.786000
 195.786000
 195.786000
 195.786000
 195.786000
 195.786000
 195.786000
 195.786000
 195.786000
 195.786000
 195.786000
 197.557000
 197.557000
 197.557000
 197.557000
 197.557000
 197.557000
 197.557000
 197.557000
 197.557000
 197.557000
 199.186000
 199.186000
 199.186000
 199.186000
 199.186000
 199.186000
 199.186000
 199.186000
 199.186000
 199.186000
 200.953000
 200.953000
 200.953000
 200.953000
 200.953000
 200.953000
 200.953000
 200.953000
 200.953000
 200.953000
 200.953000
 203.118000
 203.118000
 203.118000
 203.118000
 203.118000
 203.118000
 203.118000
 203.118000
 204.872000
 204.872000
 204.872000
 204.872000
 204.872000
 204.872000
 204.872000
 204.872000
 204.872000
 204.872000
 206.486000
 206.486000
 206.486000
 206.486000
 206.486000
 206.486000
 206.486000
 206.486000
 206.486000
 206.486000
 208.230000
 208.230000
 208.230000
 208.230000
 208.230000
 208.230000
 208.230000
 208.230000
 208.230000
 208.230000
 209.831000
 209.831000
 209.831000
 209.831000
 209.831000
 209.831000
 209.831000
 209.831000
 209.831000
 209.831000
 209.831000
 211.562000
 211.562000
 211.562000
 211.562000
 211.562000
 211.562000
 211.562000
 211.562000
 211.562000
 212.627000
 212.627000
 212.627000
 212.627000
 212.627000
 212.627000
 212.627000
 212.627000
 212.627000
 212.627000
 214.366000
 214.366000
 214.366000
 214.366000
 214.366000
 214.366000
 214.366000
 214.366000
 214.366000
 216.494000
 216.494000
 216.494000
 216.494000
 216.494000
 216.494000
 216.494000
 216.494000
 216.494000
 216.494000
 216.494000
 218.217000
 218.217000
 218.217000
 218.217000
 218.217000
 218.217000
 218.217000
 218.217000
 218.217000
 218.217000
 219.272000
 219.272000
 219.272000
 219.272000
 219.272000
 219.272000
 219.272000
 219.272000
 219.272000
 219.272000
 221.522000
 221.522000
 221.522000
 221.522000
 221.522000
 221.522000
 221.522000
 221.522000
 221.522000
 221.522000
 223.104000
 223.104000
 223.104000
 223.104000
 223.104000
 223.104000
 223.104000
 223.104000
 223.104000
 223.104000
 223.104000
 224.818000
 224.818000
 224.818000
 224.818000
 224.818000
 224.818000
 224.818000
 224.818000
 224.818000
 224.818000
 225.867000
 225.867000
 225.867000
 225.867000
 225.867000
 225.867000
 225.867000
 225.867000
 225.867000
 225.867000
 228.098000
 228.098000
 228.098000
 228.098000
 228.098000
 228.098000
 228.098000
 228.098000
 228.098000
 228.098000
 229.666000
 229.666000
 229.666000
 229.666000
 229.666000
 229.666000
 229.666000
 229.666000
 229.666000
 231.359000
 231.359000
 231.359000
 231.359000
 231.359000
 231.359000
 231.359000
 231.359000
 231.359000
 231.359000
 232.395000
 232.395000
 232.395000
 232.395000
 232.395000
 232.395000
 232.395000
 232.395000
 232.395000
 232.395000
 234.602000
 234.602000
 234.602000
 234.602000
 234.602000
 234.602000
 234.602000
 234.602000
 234.602000
 234.602000
 236.159000
 236.159000
 236.159000
 236.159000
 236.159000
 236.159000
 236.159000
 236.159000
 236.159000
 236.159000
 237.841000
 237.841000
 237.841000
 237.841000
 237.841000
 237.841000
 237.841000
 237.841000
 237.841000
 237.841000
 239.397000
 239.397000
 239.397000
 239.397000
 239.397000
 239.397000
 239.397000
 239.397000
 239.397000
 239.397000
 241.080000
 241.080000
 241.080000
 241.080000
 241.080000
 241.080000
 241.080000
 241.080000
 241.080000
 241.080000
 241.080000
 242.638000
 242.638000
 242.638000
 242.638000
 242.638000
 242.638000
 242.638000
 242.638000
 242.638000
 242.638000
 243.803000
 243.803000
 243.803000
 243.803000
 243.803000
 243.803000
 243.803000
 243.803000
 243.803000
 245.866000
 245.866000
 245.866000
 245.866000
 245.866000
 245.866000
 245.866000
 245.866000
 245.866000
 245.866000
 245.866000
 247.538000
 247.538000
 247.538000
 247.538000
 247.538000
 247.538000
 247.538000
 247.538000
 247.538000
 247.538000
 248.561000
 248.561000
 248.561000
 248.561000
 248.561000
 248.561000
 248.561000
 250.735000
 250.735000
 250.735000
 250.735000
 250.735000
 250.735000
 250.735000
 250.735000
 250.735000
 250.735000
 252.279000
 252.279000
 252.279000
 252.279000
 252.279000
 252.279000
 252.279000
 252.279000
 252.279000
 252.279000
 253.453000
 253.453000
 253.453000
 253.453000
 253.453000
 253.453000
 253.453000
 253.453000
 253.453000
 253.453000
 255.623000
 255.623000
 255.623000
 255.623000
 255.623000
 255.623000
 255.623000
 255.623000
 255.623000
 255.623000
 257.298000
 257.298000
 257.298000
 257.298000
 257.298000
 257.298000
 257.298000
 257.298000
 257.298000
 257.298000
 259.185000
 259.185000
 259.185000
 259.185000
 259.185000
 259.185000
 259.185000
 259.185000
 259.185000
 259.185000
 261.143000
 261.143000
 261.143000
 261.143000
 261.143000
 261.143000
 261.143000
 261.143000
 261.143000
 261.143000
 261.143000
 263.021000
 263.021000
 263.021000
 263.021000
 263.021000
 263.021000
 263.021000
 263.021000
 264.957000
 264.957000
 264.957000
 264.957000
 264.957000
 264.957000
 264.957000
 264.957000
 264.957000
 264.957000
 264.957000
 267.119000
 267.119000
 267.119000
 267.119000
 267.119000
 267.119000
 267.119000
 267.119000
 267.119000
 267.119000
 269.341000
 269.341000
 269.341000
 269.341000
 269.341000
 269.341000
 269.341000
 269.341000
 269.341000
 269.341000
 271.450000
 271.450000
 271.450000
 271.450000
 271.450000
 271.450000
 271.450000
 271.450000
 271.450000
 271.450000
 273.778000
 273.778000
 273.778000
 273.778000
 273.778000
 273.778000
 273.778000
 273.778000
 273.778000
 273.778000
 275.226000
 275.226000
 275.226000
 275.226000
 275.226000
 275.226000
 275.226000
 275.226000
 275.226000
 275.226000
 277.432000
 277.432000
 277.432000
 277.432000
 277.432000
 277.432000
 277.432000
 277.432000
 277.432000
 277.432000
 280.589000
 280.589000
 280.589000
 280.589000
 280.589000
 280.589000
 280.589000
 280.589000
 280.589000
 283.040000
 283.040000
 283.040000
 283.040000
 283.040000
 283.040000
 283.040000
 283.040000
 283.040000
 283.040000
 285.334000
 285.334000
 285.334000
 285.334000
 285.334000
 285.334000
 285.334000
 285.334000
 285.334000
 287.856000
 287.856000
 287.856000
 287.856000
 287.856000
 287.856000
 287.856000
 287.856000
 287.856000
 287.856000
 290.216000
 290.216000
 290.216000
 290.216000
 290.216000
 290.216000
 290.216000
 290.216000
 290.216000
 292.802000
 292.802000
 292.802000
 292.802000
 292.802000
 292.802000
 292.802000
 292.802000
 292.802000
 292.802000
 294.405000
 294.405000
 294.405000
 294.405000
 294.405000
 294.405000
 294.405000
 294.405000
 294.405000
 294.405000
 297.653000
 297.653000
 297.653000
 297.653000
 297.653000
 297.653000
 297.653000
 297.653000
 297.653000
 297.653000
 300.317000
 300.317000
 300.317000
 300.317000
 300.317000
 300.317000
 300.317000
 300.317000
 300.317000
 300.317000
 303.004000
 303.004000
 303.004000
 303.004000
 303.004000
 303.004000
 303.004000
 303.004000
 303.004000
 303.004000
 305.513000
 305.513000
 305.513000
 305.513000
 305.513000
 305.513000
 305.513000
 305.513000
 305.513000
 305.513000
 307.196000
 307.196000
 307.196000
 307.196000
 307.196000
 307.196000
 307.196000
 307.196000
 307.196000
 310.789000
 310.789000
 310.789000
 310.789000
 310.789000
 310.789000
 310.789000
 310.789000
 310.789000
 310.789000
 313.555000
 313.555000
 313.555000
 313.555000
 313.555000
 313.555000
 313.555000
 313.555000
 313.555000
 313.555000
 316.122000
 316.122000
 316.122000
 316.122000
 316.122000
 316.122000
 316.122000
 316.122000
 316.122000
 318.912000
 318.912000
 318.912000
 318.912000
 318.912000
 318.912000
 318.912000
 318.912000
 318.912000
 318.912000
 345.667000
 345.667000
 345.667000
 345.667000
 345.667000
 348.452000
 348.452000
 348.452000
 348.452000
 348.452000
 348.452000
 348.452000
 348.452000
 348.452000
 348.452000
 348.452000
 351.225000
 351.225000
 351.225000
 351.225000
 351.225000
 351.225000
 351.225000
 351.225000
 351.225000
 353.772000
 353.772000
 353.772000
 353.772000
 353.772000
 353.772000
 353.772000
 353.772000
 353.772000
 355.485000
 355.485000
 355.485000
 355.485000
 355.485000
 355.485000
 355.485000
 355.485000
 355.485000
 355.485000
 359.069000
 359.069000
 359.069000
 359.069000
 359.069000
 359.069000
 359.069000
 359.069000
 359.069000
 359.069000
 361.564000
 361.564000
 361.564000
 361.564000
 361.564000
 361.564000
 361.564000
 361.564000
 361.564000
 361.564000
 364.243000
 364.243000
 364.243000
 364.243000
 364.243000
 364.243000
 364.243000
 364.243000
 364.243000
 364.243000
 366.693000
 366.693000
 366.693000
 366.693000
 366.693000
 366.693000
 366.693000
 366.693000
 366.693000
 366.693000
 369.328000
 369.328000
 369.328000
 369.328000
 369.328000
 369.328000
 369.328000
 369.328000
 369.328000
 369.328000
 371.737000
 371.737000
 371.737000
 371.737000
 371.737000
 371.737000
 371.737000
 371.737000
 371.737000
 371.737000
 374.324000
 374.324000
 374.324000
 374.324000
 374.324000
 374.324000
 374.324000
 374.324000
 374.324000
 374.324000
 376.683000
 376.683000
 376.683000
 376.683000
 376.683000
 376.683000
 376.683000
 376.683000
 376.683000
 376.683000
 379.210000
 379.210000
 379.210000
 379.210000
 379.210000
 379.210000
 379.210000
 379.210000
 379.210000
 379.210000
 381.506000
 381.506000
 381.506000
 381.506000
 381.506000
 381.506000
 381.506000
 381.506000
 381.506000
 381.506000
 383.195000
 383.195000
 383.195000
 383.195000
 383.195000
 383.195000
 383.195000
 383.195000
 383.195000
 385.423000
 385.423000
 385.423000
 385.423000
 385.423000
 385.423000
 385.423000
 385.423000
 385.423000
 385.423000
 385.423000
 388.510000
 388.510000
 388.510000
 388.510000
 388.510000
 388.510000
 388.510000
 388.510000
 388.510000
 388.510000
 390.648000
 390.648000
 390.648000
 390.648000
 390.648000
 390.648000
 390.648000
 390.648000
 390.648000
 390.648000
 392.931000
 392.931000
 392.931000
 392.931000
 392.931000
 392.931000
 392.931000
 392.931000
 392.931000
 392.931000
 392.931000
 395.007000
 395.007000
 395.007000
 395.007000
 395.007000
 395.007000
 395.007000
 395.007000
 395.007000
 397.224000
 397.224000
 397.224000
 397.224000
 397.224000
 397.224000
 397.224000
 397.224000
 397.224000
 397.224000
 398.569000
 398.569000
 398.569000
 398.569000
 398.569000
 398.569000
 398.569000
 398.569000
 398.569000
 398.569000
 401.370000
 401.370000
 401.370000
 401.370000
 401.370000
 401.370000
 401.370000
 401.370000
 401.370000
 401.370000
 403.294000
 403.294000
 403.294000
 403.294000
 403.294000
 403.294000
 403.294000
 403.294000
 403.294000
 403.294000
 405.323000
 405.323000
 405.323000
 405.323000
 405.323000
 405.323000
 405.323000
 405.323000
 407.142000
 407.142000
 407.142000
 407.142000
 407.142000
 407.142000
 407.142000
 407.142000
 407.142000
 407.142000
 409.060000
 409.060000
 409.060000
 409.060000
 409.060000
 409.060000
 409.060000
 409.060000
 409.060000
 409.060000
 409.060000
 410.777000
 410.777000
 410.777000
 410.777000
 410.777000
 410.777000
 410.777000
 410.777000
 410.777000
 410.777000
 412.588000
 412.588000
 412.588000
 412.588000
 412.588000
 412.588000
 412.588000
 412.588000
 412.588000
 412.588000
 414.212000
 414.212000
 414.212000
 414.212000
 414.212000
 414.212000
 414.212000
 414.212000
 414.212000
 414.212000
 415.401000
 415.401000
 415.401000
 415.401000
 415.401000
 415.401000
 415.401000
 415.401000
 415.401000
 417.465000
 417.465000
 417.465000
 417.465000
 417.465000
 417.465000
 417.465000
 417.465000
 417.465000
 417.465000
 419.082000
 419.082000
 419.082000
 419.082000
 419.082000
 419.082000
 419.082000
 419.082000
 419.082000
 419.082000
 420.521000
 420.521000
 420.521000
 420.521000
 420.521000
 420.521000
 420.521000
 420.521000
 420.521000
 420.521000
 420.521000
 422.026000
 422.026000
 422.026000
 422.026000
 422.026000
 422.026000
 422.026000
 422.026000
 422.026000
 422.026000
 422.919000
 422.919000
 422.919000
 422.919000
 422.919000
 422.919000
 422.919000
 422.919000
 422.919000
 422.919000
 424.309000
 424.309000
 424.309000
 424.309000
 424.309000
 424.309000
 424.309000
 424.309000
 424.309000
 425.933000
 425.933000
 425.933000
 425.933000
 425.933000
 425.933000
 425.933000
 425.933000
 425.933000
 425.933000
 427.177000
 427.177000
 427.177000
 427.177000
 427.177000
 427.177000
 427.177000
 427.177000
 427.177000
 427.177000
 427.177000
 427.911000
 427.911000
 427.911000
 427.911000
 427.911000
 427.911000
 427.911000
 427.911000
 427.911000
 429.047000
 429.047000
 429.047000
 429.047000
 429.047000
 429.047000
 429.047000
 429.047000
 429.047000
 429.047000
 430.369000
 430.369000
 430.369000
 430.369000
 430.369000
 430.369000
 430.369000
 430.369000
 430.369000
 430.369000
 431.373000
 431.373000
 431.373000
 431.373000
 431.373000
 431.373000
 431.373000
 431.373000
 431.373000
 431.373000
 432.245000
 432.245000
 432.245000
 432.245000
 432.245000
 432.245000
 432.245000
 432.245000
 432.245000
 432.245000
 433.106000
 433.106000
 433.106000
 433.106000
 433.106000
 433.106000
 433.106000
 433.106000
 433.106000
 433.106000
 433.676000
 433.676000
 433.676000
 433.676000
 433.676000
 433.676000
 433.676000
 433.676000
 433.676000
 433.676000
 434.374000
 434.374000
 434.374000
 434.374000
 434.374000
 434.374000
 434.374000
 434.374000
 434.374000
 434.374000
 435.272000
 435.272000
 435.272000
 435.272000
 435.272000
 435.272000
 435.272000
 435.272000
 435.272000
 435.832000
 435.832000
 435.832000
 435.832000
 435.832000
 435.832000
 435.832000
 435.832000
 435.832000
 435.832000
 435.832000
 436.376000
 436.376000
 436.376000
 436.376000
 436.376000
 436.376000
 436.376000
 436.376000
 436.376000
 436.376000
 436.831000
 436.831000
 436.831000
 436.831000
 436.831000
 436.831000
 436.831000
 436.831000
 436.831000
 436.831000
 437.262000
 437.262000
 437.262000
 437.262000
 437.262000
 437.262000
 437.262000
 437.262000
 437.262000
 437.492000
 437.492000
 437.492000
 437.492000
 437.492000
 437.492000
 437.492000
 437.492000
 437.492000
 437.898000
 437.898000
 437.898000
 437.898000
 437.898000
 437.898000
 437.898000
 437.898000
 437.898000
 437.898000
 438.090000
 438.090000
 438.090000
 438.090000
 438.090000
 438.090000
 438.090000
 438.090000
 438.090000
 438.090000
 438.090000
 438.209000
 438.209000
 438.209000
 438.209000
 438.209000
 438.209000
 438.209000
 438.209000
 438.209000
 438.234000
 438.234000
 438.234000
 438.234000
 438.234000
 438.234000
 438.234000
 438.234000
 438.234000
 438.234000
 438.180000
 438.180000
 438.180000
 438.180000
 438.180000
 438.180000
 438.180000
 438.180000
 438.180000
 438.180000
 438.084000
 438.084000
 438.084000
 438.084000
 438.084000
 438.084000
 438.084000
 438.084000
 438.084000
 438.084000
 437.933000
 437.933000
 437.933000
 437.933000
 437.933000
 437.933000
 437.933000
 437.933000
 437.933000
 437.933000
 437.933000
 437.759000
 437.759000
 437.759000
 437.759000
 437.759000
 437.759000
 437.759000
 437.759000
 437.759000
 437.759000
 437.540000
 437.540000
 437.540000
 437.540000
 437.540000
 437.540000
 437.540000
 437.540000
 437.540000
 437.387000
 437.387000
 437.387000
 437.387000
 437.387000
 437.387000
 437.387000
 437.387000
 437.387000
 437.387000
 437.040000
 437.040000
 437.040000
 437.040000
 437.040000
 437.040000
 437.040000
 437.040000
 437.040000
 437.040000
 436.771000
 436.771000
 436.771000
 436.771000
 436.771000
 436.771000
 436.771000
 436.771000
 436.771000
 436.771000
 436.472000
 436.472000
 436.472000
 436.472000
 436.472000
 436.472000
 436.472000
 436.472000
 436.472000
 436.199000
 436.199000
 436.199000
 436.199000
 436.199000
 436.199000
 436.199000
 436.199000
 436.199000
 435.903000
 435.903000
 435.903000
 435.903000
 435.903000
 435.903000
 435.903000
 435.903000
 435.903000
 435.903000
 435.903000
 435.650000
 435.650000
 435.650000
 435.650000
 435.650000
 435.650000
 435.650000
 435.650000
 435.650000
 435.407000
 435.407000
 435.407000
 435.407000
 435.407000
 435.407000
 435.407000
 435.407000
 435.407000
 435.407000
 435.243000
 435.243000
 435.243000
 435.243000
 435.243000
 435.243000
 435.243000
 435.243000
 435.243000
 435.243000
 435.243000
 435.158000
 435.158000
 435.158000
 435.158000
 435.158000
 435.158000
 435.158000
 435.158000
 435.100000
 435.100000
 435.100000
 435.100000
 435.100000
 435.100000
 435.100000
 435.100000
 435.100000
 435.153000
 435.153000
 435.153000
 435.153000
 435.153000
 435.153000
 435.153000
 435.153000
 435.153000
 435.153000
 435.179000
 435.179000
 435.179000
 435.179000
 435.179000
 435.179000
 435.179000
 435.179000
 435.179000
 435.179000
 435.454000
 435.454000
 435.454000
 435.454000
 435.454000
 435.454000
 435.454000
 435.454000
 435.454000
 435.454000
 435.674000
 435.674000
 435.674000
 435.674000
 435.674000
 435.674000
 435.674000
 435.674000
 435.674000
 435.674000
 435.946000
 435.946000
 435.946000
 435.946000
 435.946000
 435.946000
 435.946000
 435.946000
 435.946000
 435.946000
 436.218000
 436.218000
 436.218000
 436.218000
 436.218000
 436.218000
 436.218000
 436.218000
 436.218000
 436.218000
 436.530000
 436.530000
 436.530000
 436.530000
 436.530000
 436.530000
 436.530000
 436.530000
 436.530000
 436.836000
 436.836000
 436.836000
 436.836000
 436.836000
 436.836000
 436.836000
 436.836000
 436.836000
 437.170000
 437.170000
 437.170000
 437.170000
 437.170000
 437.170000
 437.170000
 437.170000
 437.170000
 437.170000
 437.170000
 437.465000
 437.465000
 437.465000
 437.465000
 437.465000
 437.465000
 437.465000
 437.465000
 437.465000
 437.465000
 437.737000
 437.737000
 437.737000
 437.737000
 437.737000
 437.737000
 437.737000
 437.737000
 437.737000
 437.920000
 437.920000
 437.920000
 437.920000
 437.920000
 437.920000
 437.920000
 437.920000
 437.920000
 437.920000
 438.005000
 438.005000
 438.005000
 438.005000
 438.005000
 438.005000
 438.005000
 438.005000
 438.005000
 438.005000
 438.024000
 438.024000
 438.024000
 438.024000
 438.024000
 438.024000
 438.024000
 438.024000
 438.024000
 438.024000
 437.940000
 437.940000
 437.940000
 437.940000
 437.940000
 437.940000
 437.940000
 437.940000
 437.940000
 437.940000
 437.792000
 437.792000
 437.792000
 437.792000
 437.792000
 437.792000
 437.792000
 437.792000
 437.792000
 437.792000
 437.628000
 437.628000
 437.628000
 437.628000
 437.628000
 437.628000
 437.628000
 437.628000
 437.628000
 437.438000
 437.438000
 437.438000
 437.438000
 437.438000
 437.438000
 437.438000
 437.438000
 437.438000
 437.438000
 437.438000
 437.438000
 437.259000
 437.259000
 437.259000
 437.259000
 437.259000
 437.259000
 437.259000
 437.259000
 437.259000
 437.065000
 437.065000
 437.065000
 437.065000
 437.065000
 437.065000
 437.065000
 437.065000
 437.065000
 437.065000
 436.887000
 436.887000
 436.887000
 436.887000
 436.887000
 436.887000
 436.887000
 436.887000
 436.887000
 436.887000
 436.705000
 436.705000
 436.705000
 436.705000
 436.705000
 436.705000
 436.705000
 436.705000
 436.705000
 436.705000
 436.547000
 436.547000
 436.547000
 436.547000
 436.547000
 436.547000
 436.547000
 436.547000
 436.547000
 436.547000
 436.547000
 436.396000
 436.396000
 436.396000
 436.396000
 436.396000
 436.396000
 436.396000
 436.396000
 436.396000
 436.396000
 436.272000
 436.272000
 436.272000
 436.272000
 436.272000
 436.272000
 436.272000
 436.272000
 436.272000
 436.150000
 436.150000
 436.150000
 436.150000
 436.150000
 436.150000
 436.150000
 436.150000
 436.150000
 436.150000
 436.150000
 436.046000
 436.046000
 436.046000
 436.046000
 436.046000
 436.046000
 436.046000
 436.046000
 436.046000
 436.046000
 435.935000
 435.935000
 435.935000
 435.935000
 435.935000
 435.935000
 435.935000
 435.935000
 435.935000
 435.834000
 435.834000
 435.834000
 435.834000
 435.834000
 435.834000
 435.834000
 435.834000
 435.834000
 435.834000
 435.722000
 435.722000
 435.722000
 435.722000
 435.722000
 435.722000
 435.722000
 435.722000
 435.722000
 435.722000
 435.722000
 435.642000
 435.642000
 435.642000
 435.642000
 435.642000
 435.642000
 435.642000
 435.642000
 435.642000
 435.410000
 435.410000
 435.410000
 435.410000
 435.410000
 435.410000
 435.410000
 435.410000
 435.164000
 435.164000
 435.164000
 435.164000
 435.164000
 435.164000
 435.164000
 435.164000
 435.164000
 435.164000
 435.164000
 435.164000
 434.924000
 434.924000
 434.924000
 434.924000
 434.924000
 434.924000
 434.924000
 434.924000
 434.924000
 434.372000
 434.372000
 434.372000
 434.372000
 434.372000
 434.372000
 434.372000
 434.372000
 434.372000
 434.372000
 433.801000
 433.801000
 433.801000
 433.801000
 433.801000
 433.801000
 433.801000
 433.801000
 433.801000
 433.801000
 433.182000
 433.182000
 433.182000
 433.182000
 433.182000
 433.182000
 433.182000
 433.182000
 433.182000
 433.182000
 432.420000
 432.420000
 432.420000
 432.420000
 432.420000
 432.420000
 432.420000
 432.420000
 432.420000
 432.420000
 431.652000
 431.652000
 431.652000
 431.652000
 431.652000
 431.652000
 431.652000
 431.652000
 431.652000
 431.652000
 430.758000
 430.758000
 430.758000
 430.758000
 430.758000
 430.758000
 430.758000
 430.758000
 430.758000
 429.886000
 429.886000
 429.886000
 429.886000
 429.886000
 429.886000
 429.886000
 429.886000
 429.886000
 429.886000
 428.900000
 428.900000
 428.900000
 428.900000
 428.900000
 428.900000
 428.900000
 428.900000
 428.900000
 428.900000
 427.867000
 427.867000
 427.867000
 427.867000
 427.867000
 427.867000
 427.867000
 427.867000
 426.874000
 426.874000
 426.874000
 426.874000
 426.874000
 426.874000
 426.874000
 426.874000
 426.874000
 425.840000
 425.840000
 425.840000
 425.840000
 425.840000
 425.840000
 425.840000
 425.840000
 424.665000
 424.665000
 424.665000
 424.665000
 424.665000
 424.665000
 424.665000
 424.665000
 424.665000
 424.665000
 423.531000
 423.531000
 423.531000
 423.531000
 423.531000
 423.531000
 423.531000
 423.531000
 423.531000
 422.260000
 422.260000
 422.260000
 422.260000
 422.260000
 422.260000
 422.260000
 422.260000
 422.260000
 422.260000
 421.062000
 421.062000
 421.062000
 421.062000
 421.062000
 421.062000
 421.062000
 421.062000
 421.062000
 421.062000
 419.743000
 419.743000
 419.743000
 419.743000
 419.743000
 419.743000
 419.743000
 419.743000
 419.743000
 419.743000
 418.514000
 418.514000
 418.514000
 418.514000
 418.514000
 418.514000
 418.514000
 418.514000
 418.514000
 418.514000
 417.178000
 417.178000
 417.178000
 417.178000
 417.178000
 417.178000
 417.178000
 417.178000
 417.178000
 417.178000
 415.920000
 415.920000
 415.920000
 415.920000
 415.920000
 415.920000
 415.920000
 415.920000
 415.920000
 415.920000
 414.577000
 414.577000
 414.577000
 414.577000
 414.577000
 414.577000
 414.577000
 414.577000
 414.577000
 414.577000
 413.340000
 413.340000
 413.340000
 413.340000
 413.340000
 413.340000
 413.340000
 413.340000
 413.340000
 413.340000
 412.003000
 412.003000
 412.003000
 412.003000
 412.003000
 412.003000
 412.003000
 412.003000
 412.003000
 412.003000
 410.780000
 410.780000
 410.780000
 410.780000
 410.780000
 410.780000
 410.780000
 410.780000
 410.780000
 410.780000
 409.475000
 409.475000
 409.475000
 409.475000
 409.475000
 409.475000
 409.475000
 408.292000
 408.292000
 408.292000
 408.292000
 408.292000
 408.292000
 408.292000
 408.292000
 408.292000
 408.292000
 408.292000
 407.031000
 407.031000
 407.031000
 407.031000
 407.031000
 407.031000
 407.031000
 407.031000
 407.031000
 407.031000
 407.031000
 405.887000
 405.887000
 405.887000
 405.887000
 405.887000
 405.887000
 405.887000
 405.887000
 405.887000
 405.887000
 404.668000
 404.668000
 404.668000
 404.668000
 404.668000
 404.668000
 404.668000
 404.668000
 404.668000
 403.557000
 403.557000
 403.557000
 403.557000
 403.557000
 403.557000
 403.557000
 403.557000
 403.557000
 403.557000
 403.557000
 402.362000
 402.362000
 402.362000
 402.362000
 402.362000
 402.362000
 402.362000
 402.362000
 402.362000
 401.269000
 401.269000
 401.269000
 401.269000
 401.269000
 401.269000
 401.269000
 401.269000
 401.269000
 401.269000
 400.546000
 400.546000
 400.546000
 400.546000
 400.546000
 400.546000
 400.546000
 400.546000
 400.546000
 400.546000
 399.014000
 399.014000
 399.014000
 399.014000
 399.014000
 399.014000
 399.014000
 399.014000
 399.014000
 399.014000
 397.851000
 397.851000
 397.851000
 397.851000
 397.851000
 397.851000
 397.851000
 397.851000
 397.851000
 397.851000
 396.787000
 396.787000
 396.787000
 396.787000
 396.787000
 396.787000
 396.787000
 396.787000
 396.787000
 396.787000
 395.994000
 395.994000
 395.994000
 395.994000
 395.994000
 395.994000
 395.994000
 395.994000
 395.994000
 395.994000
 394.591000
 394.591000
 394.591000
 394.591000
 394.591000
 394.591000
 394.591000
 394.591000
 394.591000
 394.591000
 394.591000
 393.463000
 393.463000
 393.463000
 393.463000
 393.463000
 393.463000
 393.463000
 393.463000
 393.463000
 392.425000
 392.425000
 392.425000
 392.425000
 392.425000
 392.425000
 392.425000
 392.425000
 392.425000
 392.425000
 391.304000
 391.304000
 391.304000
 391.304000
 391.304000
 391.304000
 391.304000
 391.304000
 391.304000
 391.304000
 391.304000
 390.272000
 390.272000
 390.272000
 390.272000
 390.272000
 390.272000
 390.272000
 390.272000
 390.272000
 390.272000
 389.154000
 389.154000
 389.154000
 389.154000
 389.154000
 389.154000
 389.154000
 389.154000
 389.154000
 389.154000
 388.127000
 388.127000
 388.127000
 388.127000
 388.127000
 388.127000
 388.127000
 388.127000
 388.127000
 387.016000
 387.016000
 387.016000
 387.016000
 387.016000
 387.016000
 387.016000
 387.016000
 387.016000
 385.998000
 385.998000
 385.998000
 385.998000
 385.998000
 385.998000
 385.998000
 385.998000
 385.998000
 385.998000
 384.903000
 384.903000
 384.903000
 384.903000
 384.903000
 384.903000
 384.903000
 384.903000
 384.903000
 384.903000
 384.231000
 384.231000
 384.231000
 384.231000
 384.231000
 384.231000
 384.231000
 384.231000
 384.231000
 384.231000
 383.236000
 383.236000
 383.236000
 383.236000
 383.236000
 383.236000
 383.236000
 383.236000
 383.236000
 382.156000
 382.156000
 382.156000
 382.156000
 382.156000
 382.156000
 382.156000
 382.156000
 382.156000
 382.156000
 382.156000
 380.760000
 380.760000
 380.760000
 380.760000
 380.760000
 380.760000
 380.760000
 380.760000
 380.760000
 380.760000
 380.108000
 380.108000
 380.108000
 380.108000
 380.108000
 380.108000
 380.108000
 380.108000
 380.108000
 379.146000
 379.146000
 379.146000
 379.146000
 379.146000
 379.146000
 379.146000
 379.146000
 379.146000
 377.792000
 377.792000
 377.792000
 377.792000
 377.792000
 377.792000
 377.792000
 377.792000
 377.792000
 377.792000
 377.792000
 376.770000
 376.770000
 376.770000
 376.770000
 376.770000
 376.770000
 376.770000
 376.770000
 376.770000
 376.146000
 376.146000
 376.146000
 376.146000
 376.146000
 376.146000
 376.146000
 376.146000
 376.146000
 376.146000
 375.146000
 375.146000
 375.146000
 375.146000
 375.146000
 375.146000
 375.146000
 375.146000
 375.146000
 375.146000
 373.915000
 373.915000
 373.915000
 373.915000
 373.915000
 373.915000
 373.915000
 373.915000
 373.915000
 373.915000
 372.920000
 372.920000
 372.920000
 372.920000
 372.920000
 372.920000
 372.920000
 372.920000
 372.920000
 372.920000
 372.309000
 372.309000
 372.309000
 372.309000
 372.309000
 372.309000
 372.309000
 372.309000
 372.309000
 371.033000
 371.033000
 371.033000
 371.033000
 371.033000
 371.033000
 371.033000
 371.033000
 370.041000
 370.041000
 370.041000
 370.041000
 370.041000
 370.041000
 370.041000
 370.041000
 370.041000
 370.041000
 370.041000
 369.116000
 369.116000
 369.116000
 369.116000
 369.116000
 369.116000
 369.116000
 369.116000
 369.116000
 369.116000
 368.115000
 368.115000
 368.115000
 368.115000
 368.115000
 368.115000
 368.115000
 368.115000
 368.115000
 368.115000
 367.184000
 367.184000
 367.184000
 367.184000
 367.184000
 367.184000
 367.184000
 367.184000
 367.184000
 367.184000
 366.180000
 366.180000
 366.180000
 366.180000
 366.180000
 366.180000
 366.180000
 366.180000
 366.180000
 365.874000
 365.874000
 365.874000
 365.874000
 365.874000
 365.874000
 365.874000
 365.874000
 365.874000
 365.874000
 365.874000
 364.629000
 364.629000
 364.629000
 364.629000
 364.629000
 364.629000
 364.629000
 364.629000
 364.629000
 363.632000
 363.632000
 363.632000
 363.632000
 363.632000
 363.632000
 363.632000
 363.632000
 363.632000
 363.632000
 363.632000
 362.697000
 362.697000
 362.697000
 362.697000
 362.697000
 362.697000
 362.697000
 362.697000
 362.697000
 362.697000
 361.385000
 361.385000
 361.385000
 361.385000
 361.385000
 361.385000
 361.385000
 361.385000
 361.385000
 361.385000
 360.388000
 360.388000
 360.388000
 360.388000
 360.388000
 360.388000
 360.388000
 360.388000
 360.388000
 360.388000
 359.469000
 359.469000
 359.469000
 359.469000
 359.469000
 359.469000
 359.469000
 359.469000
 359.469000
 358.560000
 358.560000
 358.560000
 358.560000
 358.560000
 358.560000
 358.560000
 358.560000
 358.560000
 358.560000
 358.560000
 357.583000
 357.583000
 357.583000
 357.583000
 357.583000
 357.583000
 357.583000
 357.583000
 357.583000
 356.614000
 356.614000
 356.614000
 356.614000
 356.614000
 356.614000
 356.614000
 356.614000
 356.614000
 356.614000
 355.728000
 355.728000
 355.728000
 355.728000
 355.728000
 355.728000
 355.728000
 355.728000
 355.728000
 355.728000
 354.777000
 354.777000
 354.777000
 354.777000
 354.777000
 354.777000
 354.777000
 354.777000
 354.777000
 354.777000
 354.777000
 353.900000
 353.900000
 353.900000
 353.900000
 353.900000
 353.900000
 353.900000
 353.900000
 353.900000
 353.608000
 353.608000
 353.608000
 353.608000
 353.608000
 353.608000
 353.608000
 353.608000
 353.608000
 353.608000
 352.101000
 352.101000
 352.101000
 352.101000
 352.101000
 352.101000
 352.101000
 352.101000
 352.101000
 352.101000
 351.246000
 351.246000
 351.246000
 351.246000
 351.246000
 351.246000
 351.246000
 351.246000
 351.246000
 351.246000
 350.323000
 350.323000
 350.323000
 350.323000
 350.323000
 350.323000
 350.323000
 350.323000
 350.323000
 350.323000
 350.323000
 349.403000
 349.403000
 349.403000
 349.403000
 349.403000
 349.403000
 349.403000
 349.403000
 349.403000
 348.556000
 348.556000
 348.556000
 348.556000
 348.556000
 348.556000
 348.556000
 348.556000
 348.556000
 348.556000
 347.989000
 347.989000
 347.989000
 347.989000
 347.989000
 347.989000
 347.989000
 347.989000
 347.989000
 347.989000
 347.989000
 346.790000
 346.790000
 346.790000
 346.790000
 346.790000
 346.790000
 346.790000
 345.941000
 345.941000
 345.941000
 345.941000
 345.941000
 345.941000
 345.941000
 345.941000
 345.941000
 345.941000
 345.308000
 345.308000
 345.308000
 345.308000
 345.308000
 345.308000
 345.308000
 345.308000
 345.308000
 345.308000
 344.089000
 344.089000
 344.089000
 344.089000
 344.089000
 344.089000
 344.089000
 344.089000
 344.089000
 344.089000
 344.089000
 343.518000
 343.518000
 343.518000
 343.518000
 343.518000
 343.518000
 343.518000
 343.518000
 343.518000
 342.365000
 342.365000
 342.365000
 342.365000
 342.365000
 342.365000
 342.365000
 342.365000
 342.365000
 342.365000
 342.365000
 341.430000
 341.430000
 341.430000
 341.430000
 341.430000
 341.430000
 341.430000
 341.430000
 341.430000
 341.430000
 340.565000
 340.565000
 340.565000
 340.565000
 340.565000
 340.565000
 340.565000
 340.565000
 340.565000
 339.618000
 339.618000
 339.618000
 339.618000
 339.618000
 339.618000
 339.618000
 339.618000
 339.618000
 339.618000
 339.618000
 338.671000
 338.671000
 338.671000
 338.671000
 338.671000
 338.671000
 338.671000
 338.671000
 338.671000
 337.792000
 337.792000
 337.792000
 337.792000
 337.792000
 337.792000
 337.792000
 337.792000
 337.792000
 337.792000
 336.916000
 336.916000
 336.916000
 336.916000
 336.916000
 336.916000
 336.916000
 336.916000
 336.269000
 336.269000
 336.269000
 336.269000
 336.269000
 336.269000
 336.269000
 336.269000
 336.269000
 336.269000
 335.038000
 335.038000
 335.038000
 335.038000
 335.038000
 335.038000
 335.038000
 335.038000
 335.038000
 335.038000
 334.162000
 334.162000
 334.162000
 334.162000
 334.162000
 334.162000
 334.162000
 334.162000
 334.162000
 334.162000
 333.310000
 333.310000
 333.310000
 333.310000
 333.310000
 333.310000
 333.310000
 333.310000
 333.310000
 333.310000
 333.310000
 332.391000
 332.391000
 332.391000
 332.391000
 332.391000
 332.391000
 332.391000
 332.391000
 332.391000
 331.826000
 331.826000
 331.826000
 331.826000
 331.826000
 331.826000
 331.826000
 331.826000
 331.826000
 330.646000
 330.646000
 330.646000
 330.646000
 330.646000
 330.646000
 330.646000
 330.646000
 330.646000
 330.646000
 329.822000
 329.822000
 329.822000
 329.822000
 329.822000
 329.822000
 329.822000
 329.822000
 329.822000
 329.822000
 329.822000
 328.940000
 328.940000
 328.940000
 328.940000
 328.940000
 328.940000
 328.940000
 328.940000
 328.940000
 328.398000
 328.398000
 328.398000
 328.398000
 328.398000
 328.398000
 328.398000
 328.398000
 328.398000
 328.398000
 327.273000
 327.273000
 327.273000
 327.273000
 327.273000
 327.273000
 327.273000
 327.273000
 327.273000
 326.477000
 326.477000
 326.477000
 326.477000
 326.477000
 326.477000
 326.477000
 326.477000
 326.477000
 326.477000
 325.959000
 325.959000
 325.959000
 325.959000
 325.959000
 325.959000
 325.959000
 325.959000
 325.959000
 325.959000
 324.831000
 324.831000
 324.831000
 324.831000
 324.831000
 324.831000
 324.831000
 324.831000
 324.831000
 324.831000
 324.831000
 323.972000
 323.972000
 323.972000
 323.972000
 323.972000
 323.972000
 323.972000
 323.972000
 323.972000
 323.175000
 323.175000
 323.175000
 323.175000
 323.175000
 323.175000
 323.175000
 323.175000
 323.175000
 323.175000
 323.175000
 322.298000
 322.298000
 322.298000
 322.298000
 322.298000
 322.298000
 322.298000
 322.298000
 322.298000
 321.486000
 321.486000
 321.486000
 321.486000
 321.486000
 321.486000
 321.486000
 321.486000
 321.486000
 321.486000
 321.486000
 320.601000
 320.601000
 320.601000
 320.601000
 320.601000
 320.601000
 320.601000
 320.601000
 320.601000
 319.777000
 319.777000
 319.777000
 319.777000
 319.777000
 319.777000
 319.777000
 319.777000
 319.777000
 319.777000
 318.881000
 318.881000
 318.881000
 318.881000
 318.881000
 318.881000
 318.881000
 318.881000
 318.881000
 318.881000
 318.046000
 318.046000
 318.046000
 318.046000
 318.046000
 318.046000
 318.046000
 318.046000
 318.046000
 318.046000
 317.131000
 317.131000
 317.131000
 317.131000
 317.131000
 317.131000
 317.131000
 317.131000
 317.131000
 317.131000
 316.283000
 316.283000
 316.283000
 316.283000
 316.283000
 316.283000
 316.283000
 316.283000
 316.283000
 316.283000
 316.283000
 315.642000
 315.642000
 315.642000
 315.642000
 315.642000
 315.642000
 315.642000
 315.642000
 314.766000
 314.766000
 314.766000
 314.766000
 314.766000
 314.766000
 314.766000
 314.766000
 314.766000
 313.522000
 313.522000
 313.522000
 313.522000
 313.522000
 313.522000
 313.522000
 313.522000
 313.522000
 313.522000
 312.622000
 312.622000
 312.622000
 312.622000
 312.622000
 312.622000
 312.622000
 312.622000
 312.622000
 311.599000
 311.599000
 311.599000
 311.599000
 311.599000
 311.599000
 311.599000
 311.599000
 311.599000
 311.599000
 311.599000
 310.605000
 310.605000
 310.605000
 310.605000
 310.605000
 310.605000
 310.605000
 310.605000
 310.605000
 310.605000
 309.482000
 309.482000
 309.482000
 309.482000
 309.482000
 309.482000
 309.482000
 309.482000
 309.482000
 309.482000
 308.385000
 308.385000
 308.385000
 308.385000
 308.385000
 308.385000
 308.385000
 308.385000
 308.385000
 308.385000
 307.129000
 307.129000
 307.129000
 307.129000
 307.129000
 307.129000
 307.129000
 307.129000
 307.129000
 307.129000
 305.917000
 305.917000
 305.917000
 305.917000
 305.917000
 305.917000
 305.917000
 305.917000
 305.917000
 305.917000
 304.544000
 304.544000
 304.544000
 304.544000
 304.544000
 304.544000
 304.544000
 304.544000
 304.544000
 304.544000
 303.224000
 303.224000
 303.224000
 303.224000
 303.224000
 303.224000
 303.224000
 303.224000
 303.224000
 301.746000
 301.746000
 301.746000
 301.746000
 301.746000
 301.746000
 301.746000
 301.746000
 301.746000
 301.746000
 301.746000
 300.809000
 300.809000
 300.809000
 300.809000
 300.809000
 300.809000
 300.809000
 300.809000
 300.809000
 298.784000
 298.784000
 298.784000
 298.784000
 298.784000
 298.784000
 298.784000
 298.784000
 298.784000
 298.784000
 298.784000
 297.810000
 297.810000
 297.810000
 297.810000
 297.810000
 297.810000
 297.810000
 297.810000
 297.810000
 297.810000
 295.709000
 295.709000
 295.709000
 295.709000
 295.709000
 295.709000
 295.709000
 295.709000
 294.194000
 294.194000
 294.194000
 294.194000
 294.194000
 294.194000
 294.194000
 294.194000
 294.194000
 294.194000
 294.194000
 292.508000
 292.508000
 292.508000
 292.508000
 292.508000
 292.508000
 292.508000
 292.508000
 292.508000
 290.925000
 290.925000
 290.925000
 290.925000
 290.925000
 290.925000
 290.925000
 290.925000
 290.925000
 289.868000
 289.868000
 289.868000
 289.868000
 289.868000
 289.868000
 289.868000
 289.868000
 289.868000
 289.868000
 287.565000
 287.565000
 287.565000
 287.565000
 287.565000
 287.565000
 287.565000
 287.565000
 287.565000
 285.777000
 285.777000
 285.777000
 285.777000
 285.777000
 285.777000
 285.777000
 285.777000
 285.777000
 285.777000
 284.109000
 284.109000
 284.109000
 284.109000
 284.109000
 284.109000
 284.109000
 284.109000
 284.109000
 284.109000
 282.992000
 282.992000
 282.992000
 282.992000
 282.992000
 282.992000
 282.992000
 282.992000
 282.992000
 282.992000
 282.992000
 280.593000
 280.593000
 280.593000
 280.593000
 280.593000
 280.593000
 280.593000
 280.593000
 280.593000
 278.746000
 278.746000
 278.746000
 278.746000
 278.746000
 278.746000
 278.746000
 278.746000
 278.746000
 278.746000
 277.030000
 277.030000
 277.030000
 277.030000
 277.030000
 277.030000
 277.030000
 277.030000
 277.030000
 277.030000
 275.164000
 275.164000
 275.164000
 275.164000
 275.164000
 275.164000
 275.164000
 275.164000
 275.164000
 275.164000
 274.011000
 274.011000
 274.011000
 274.011000
 274.011000
 274.011000
 274.011000
 274.011000
 274.011000
 271.556000
 271.556000
 271.556000
 271.556000
 271.556000
 271.556000
 271.556000
 271.556000
 271.556000
 271.556000
 271.556000
 269.819000
 269.819000
 269.819000
 269.819000
 269.819000
 269.819000
 269.819000
 269.819000
 269.819000
 269.819000
 267.938000
 267.938000
 267.938000
 267.938000
 267.938000
 267.938000
 267.938000
 267.938000
 267.938000
 266.784000
 266.784000
 266.784000
 266.784000
 266.784000
 266.784000
 266.784000
 266.784000
 266.784000
 266.784000
 264.348000
 264.348000
 264.348000
 264.348000
 264.348000
 264.348000
 264.348000
 264.348000
 264.348000
 264.348000
 264.348000
 262.638000
 262.638000
 262.638000
 262.638000
 262.638000
 262.638000
 262.638000
 262.638000
 262.638000
 260.793000
 260.793000
 260.793000
 260.793000
 260.793000
 260.793000
 260.793000
 260.793000
 260.793000
 259.095000
 259.095000
 259.095000
 259.095000
 259.095000
 259.095000
 259.095000
 259.095000
 259.095000
 259.095000
 257.258000
 257.258000
 257.258000
 257.258000
 257.258000
 257.258000
 257.258000
 257.258000
 257.258000
 257.258000
 255.568000
 255.568000
 255.568000
 255.568000
 255.568000
 255.568000
 255.568000
 255.568000
 255.568000
 255.568000
 253.754000
 253.754000
 253.754000
 253.754000
 253.754000
 253.754000
 253.754000
 253.754000
 253.754000
 252.095000
 252.095000
 252.095000
 252.095000
 252.095000
 252.095000
 252.095000
 252.095000
 252.095000
 250.998000
 250.998000
 250.998000
 250.998000
 250.998000
 250.998000
 250.998000
 250.998000
 250.998000
 250.998000
 249.229000
 249.229000
 249.229000
 249.229000
 249.229000
 249.229000
 249.229000
 249.229000
 249.229000
 246.942000
 246.942000
 246.942000
 246.942000
 246.942000
 246.942000
 246.942000
 246.942000
 246.942000
 246.942000
 245.345000
 245.345000
 245.345000
 245.345000
 245.345000
 245.345000
 245.345000
 245.345000
 243.629000
 243.629000
 243.629000
 243.629000
 243.629000
 243.629000
 243.629000
 243.629000
 243.629000
 242.061000
 242.061000
 242.061000
 242.061000
 242.061000
 242.061000
 242.061000
 242.061000
 242.061000
 242.061000
 241.024000
 241.024000
 241.024000
 241.024000
 241.024000
 241.024000
 241.024000
 241.024000
 238.858000
 238.858000
 238.858000
 238.858000
 238.858000
 238.858000
 238.858000
 238.858000
 238.858000
 237.239000
 237.239000
 237.239000
 237.239000
 237.239000
 237.239000
 237.239000
 237.239000
 237.239000
 237.239000
 235.775000
 235.775000
 235.775000
 235.775000
 235.775000
 235.775000
 235.775000
 235.775000
 235.775000
 235.775000
 234.228000
 234.228000
 234.228000
 234.228000
 234.228000
 234.228000
 234.228000
 234.228000
 234.228000
 234.228000
 234.228000
 233.761000
 233.761000
 233.761000
 233.761000
 233.761000
 233.761000
 233.761000
 233.761000
 233.761000
 231.924000
 231.924000
 231.924000
 231.924000
 231.924000
 231.924000
 231.924000
 231.924000
 231.924000
 230.472000
 230.472000
 230.472000
 230.472000
 230.472000
 230.472000
 230.472000
 230.472000
 230.472000
 230.472000
 230.472000
 228.620000
 228.620000
 228.620000
 228.620000
 228.620000
 228.620000
 228.620000
 228.620000
 228.620000
 228.620000
 227.768000
 227.768000
 227.768000
 227.768000
 227.768000
 227.768000
 227.768000
 227.768000
 227.768000
 227.768000
 225.993000
 225.993000
 225.993000
 225.993000
 225.993000
 225.993000
 225.993000
 225.993000
 225.993000
 225.993000
 224.772000
 224.772000
 224.772000
 224.772000
 224.772000
 224.772000
 224.772000
 224.772000
 224.772000
 224.772000
 224.772000
 224.005000
 224.005000
 224.005000
 224.005000
 224.005000
 224.005000
 224.005000
 224.005000
 224.005000
 222.364000
 222.364000
 222.364000
 222.364000
 222.364000
 222.364000
 222.364000
 222.364000
 222.364000
 221.168000
 221.168000
 221.168000
 221.168000
 221.168000
 221.168000
 221.168000
 221.168000
 221.168000
 221.168000
 221.168000
 220.113000
 220.113000
 220.113000
 220.113000
 220.113000
 220.113000
 220.113000
 220.113000
 220.113000
 220.113000
 219.433000
 219.433000
 219.433000
 219.433000
 219.433000
 219.433000
 219.433000
 219.433000
 219.433000
 219.433000
 218.049000
 218.049000
 218.049000
 218.049000
 218.049000
 218.049000
 218.049000
 218.049000
 218.049000
 218.049000
 217.339000
 217.339000
 217.339000
 217.339000
 217.339000
 217.339000
 217.339000
 217.339000
 217.339000
 217.339000
 216.105000
 216.105000
 216.105000
 216.105000
 216.105000
 216.105000
 216.105000
 216.105000
 216.105000
 215.107000
 215.107000
 215.107000
 215.107000
 215.107000
 215.107000
 215.107000
 215.107000
 215.107000
 214.182000
 214.182000
 214.182000
 214.182000
 214.182000
 214.182000
 214.182000
 214.182000
 214.182000
 214.182000
 213.171000
 213.171000
 213.171000
 213.171000
 213.171000
 213.171000
 213.171000
 213.171000
 213.171000
 213.171000
 212.228000
 212.228000
 212.228000
 212.228000
 212.228000
 212.228000
 212.228000
 212.228000
 212.228000
 212.228000
 211.193000
 211.193000
 211.193000
 211.193000
 211.193000
 211.193000
 211.193000
 211.193000
 211.193000
 211.193000
 210.222000
 210.222000
 210.222000
 210.222000
 210.222000
 210.222000
 210.222000
 210.222000
 210.222000
 209.479000
 209.479000
 209.479000
 209.479000
 209.479000
 209.479000
 209.479000
 209.479000
 209.479000
 209.479000
 209.479000
 208.125000
 208.125000
 208.125000
 208.125000
 208.125000
 208.125000
 208.125000
 208.125000
 208.125000
 206.979000
 206.979000
 206.979000
 206.979000
 206.979000
 206.979000
 206.979000
 206.979000
 206.979000
 206.979000
 205.886000
 205.886000
 205.886000
 205.886000
 205.886000
 205.886000
 205.886000
 205.886000
 205.886000
 205.886000
 205.886000
 205.141000
 205.141000
 205.141000
 205.141000
 205.141000
 205.141000
 205.141000
 205.141000
 205.141000
 203.515000
 203.515000
 203.515000
 203.515000
 203.515000
 203.515000
 203.515000
 203.515000
 203.515000
 203.515000
 202.240000
 202.240000
 202.240000
 202.240000
 202.240000
 202.240000
 202.240000
 202.240000
 202.240000
 202.240000
 201.042000
 201.042000
 201.042000
 201.042000
 201.042000
 201.042000
 201.042000
 201.042000
 201.042000
 201.042000
 199.723000
 199.723000
 199.723000
 199.723000
 199.723000
 199.723000
 199.723000
 199.723000
 199.723000
 199.723000
 198.487000
 198.487000
 198.487000
 198.487000
 198.487000
 198.487000
 198.487000
 198.487000
 198.487000
 198.487000
 198.487000
 197.130000
 197.130000
 197.130000
 197.130000
 197.130000
 197.130000
 197.130000
 197.130000
 197.130000
 197.130000
 195.863000
 195.863000
 195.863000
 195.863000
 195.863000
 195.863000
 195.863000
 195.863000
 195.863000
 194.479000
 194.479000
 194.479000
 194.479000
 194.479000
 194.479000
 194.479000
 194.479000
 194.479000
 194.479000
 193.623000
 193.623000
 193.623000
 193.623000
 193.623000
 193.623000
 193.623000
 193.623000
 193.623000
 193.623000
 191.790000
 191.790000
 191.790000
 191.790000
 191.790000
 191.790000
 191.790000
 191.790000
 191.790000
 191.790000
 190.487000
 190.487000
 190.487000
 190.487000
 190.487000
 190.487000
 190.487000
 190.487000
 190.487000
 190.487000
 189.073000
 189.073000
 189.073000
 189.073000
 189.073000
 189.073000
 189.073000
 189.073000
 189.073000
 189.073000
 187.767000
 187.767000
 187.767000
 187.767000
 187.767000
 187.767000
 187.767000
 187.767000
 187.767000
 187.767000
 187.767000
 186.348000
 186.348000
 186.348000
 186.348000
 186.348000
 186.348000
 186.348000
 186.348000
 186.348000
 186.348000
 185.035000
 185.035000
 185.035000
 185.035000
 185.035000
 185.035000
 185.035000
 185.035000
 185.035000
 185.035000
 183.609000
 183.609000
 183.609000
 183.609000
 183.609000
 183.609000
 183.609000
 183.609000
 183.609000
 183.609000
 182.290000
 182.290000
 182.290000
 182.290000
 182.290000
 182.290000
 182.290000
 182.290000
 182.290000
 180.858000
 180.858000
 180.858000
 180.858000
 180.858000
 180.858000
 180.858000
 180.858000
 180.858000
 180.858000
 179.533000
 179.533000
 179.533000
 179.533000
 179.533000
 179.533000
 179.533000
 179.533000
 179.533000
 179.533000
 179.533000
 178.535000
 178.535000
 178.535000
 178.535000
 178.535000
 178.535000
 178.535000
 178.535000
 178.535000
 176.746000
 176.746000
 176.746000
 176.746000
 176.746000
 176.746000
 176.746000
 176.746000
 176.746000
 175.320000
 175.320000
 175.320000
 175.320000
 175.320000
 175.320000
 175.320000
 175.320000
 175.320000
 175.320000
 173.856000
 173.856000
 173.856000
 173.856000
 173.856000
 173.856000
 173.856000
 173.856000
 173.856000
 173.856000
 172.500000
 172.500000
 172.500000
 172.500000
 172.500000
 172.500000
 172.500000
 172.500000
 172.500000
 171.027000
 171.027000
 171.027000
 171.027000
 171.027000
 171.027000
 171.027000
 171.027000
 171.027000
 171.027000
 169.663000
 169.663000
 169.663000
 169.663000
 169.663000
 169.663000
 169.663000
 169.663000
 169.663000
 169.663000
 168.179000
 168.179000
 168.179000
 168.179000
 168.179000
 168.179000
 168.179000
 168.179000
 168.179000
 168.179000
 166.806000
 166.806000
 166.806000
 166.806000
 166.806000
 166.806000
 166.806000
 166.806000
 166.806000
 166.806000
 165.314000
 165.314000
 165.314000
 165.314000
 165.314000
 165.314000
 165.314000
 165.314000
 165.314000
 164.393000
 164.393000
 164.393000
 164.393000
 164.393000
 164.393000
 164.393000
 162.425000
 162.425000
 162.425000
 162.425000
 162.425000
 162.425000
 162.425000
 162.425000
 162.425000
 161.030000
 161.030000
 161.030000
 161.030000
 161.030000
 161.030000
 161.030000
 161.030000
 161.030000
 159.515000
 159.515000
 159.515000
 159.515000
 159.515000
 159.515000
 159.515000
 159.515000
 159.515000
 159.515000
 158.113000
 158.113000
 158.113000
 158.113000
 158.113000
 158.113000
 158.113000
 158.113000
 157.177000
 157.177000
 157.177000
 157.177000
 157.177000
 157.177000
 157.177000
 157.177000
 157.177000
 157.177000
 157.177000
 155.186000
 155.186000
 155.186000
 155.186000
 155.186000
 155.186000
 155.186000
 153.660000
 153.660000
 153.660000
 153.660000
 153.660000
 153.660000
 153.660000
 153.660000
 153.660000
 153.660000
 152.252000
 152.252000
 152.252000
 152.252000
 152.252000
 152.252000
 152.252000
 152.252000
 152.252000
 152.252000
 151.197000
 151.197000
 151.197000
 151.197000
 151.197000
 151.197000
 151.197000
 151.197000
 151.197000
 151.197000
 149.794000
 149.794000
 149.794000
 149.794000
 149.794000
 149.794000
 149.794000
 149.794000
 149.794000
 149.794000
 147.806000
 147.806000
 147.806000
 147.806000
 147.806000
 147.806000
 147.806000
 147.806000
 147.806000
 147.806000
 146.403000
 146.403000
 146.403000
 146.403000
 146.403000
 146.403000
 146.403000
 146.403000
 146.403000
 146.403000
 146.403000
 144.884000
 144.884000
 144.884000
 144.884000
 144.884000
 144.884000
 144.884000
 144.884000
 144.884000
 143.480000
 143.480000
 143.480000
 143.480000
 143.480000
 143.480000
 143.480000
 143.480000
 143.480000
 143.480000
 143.011000
 143.011000
 143.011000
 143.011000
 143.011000
 143.011000
 143.011000
 143.011000
 143.011000
 143.011000
 140.548000
 140.548000
 140.548000
 140.548000
 140.548000
 140.548000
 140.548000
 140.548000
 140.548000
 140.548000
 139.024000
 139.024000
 139.024000
 139.024000
 139.024000
 139.024000
 139.024000
 139.024000
 139.024000
 139.024000
 139.024000
 137.620000
 137.620000
 137.620000
 137.620000
 137.620000
 137.620000
 137.620000
 137.620000
 137.620000
 136.103000
 136.103000
 136.103000
 136.103000
 136.103000
 136.103000
 136.103000
 136.103000
 136.103000
 136.103000
 135.167000
 135.167000
 135.167000
 135.167000
 135.167000
 135.167000
 135.167000
 135.167000
 135.167000
 135.167000
 133.172000
 133.172000
 133.172000
 133.172000
 133.172000
 133.172000
 133.172000
 133.172000
 133.172000
 133.172000
 131.760000
 131.760000
 131.760000
 131.760000
 131.760000
 131.760000
 131.760000
 131.760000
 131.760000
 131.760000
 130.226000
 130.226000
 130.226000
 130.226000
 130.226000
 130.226000
 130.226000
 130.226000
 130.226000
 130.226000
 128.803000
 128.803000
 128.803000
 128.803000
 128.803000
 128.803000
 128.803000
 128.803000
 128.803000
 127.852000
 127.852000
 127.852000
 127.852000
 127.852000
 127.852000
 127.852000
 127.852000
 127.852000
 127.852000
 125.830000
 125.830000
 125.830000
 125.830000
 125.830000
 125.830000
 125.830000
 125.830000
 125.830000
 125.830000
 125.830000
 124.281000
 124.281000
 124.281000
 124.281000
 124.281000
 124.281000
 124.281000
 124.281000
 124.281000
 124.281000
 122.848000
 122.848000
 122.848000
 122.848000
 122.848000
 122.848000
 122.848000
 122.848000
 122.848000
 122.848000
 121.771000
 121.771000
 121.771000
 121.771000
 121.771000
 121.771000
 121.771000
 121.771000
 121.771000
 121.771000
 120.332000
 120.332000
 120.332000
 120.332000
 120.332000
 120.332000
 120.332000
 120.332000
 120.332000
 120.332000
 118.288000
 118.288000
 118.288000
 118.288000
 118.288000
 118.288000
 118.288000
 118.288000
 118.288000
 118.288000
 118.288000
 116.848000
 116.848000
 116.848000
 116.848000
 116.848000
 116.848000
 116.848000
 116.848000
 116.848000
 115.866000
 115.866000
 115.866000
 115.866000
 115.866000
 115.866000
 115.866000
 115.866000
 115.866000
 115.866000
 113.831000
 113.831000
 113.831000
 113.831000
 113.831000
 113.831000
 113.831000
 113.831000
 113.831000
 113.831000
 113.831000
 112.397000
 112.397000
 112.397000
 112.397000
 112.397000
 112.397000
 112.397000
 112.397000
 112.397000
 110.849000
 110.849000
 110.849000
 110.849000
 110.849000
 110.849000
 110.849000
 110.849000
 110.849000
 110.849000
 109.421000
 109.421000
 109.421000
 109.421000
 109.421000
 109.421000
 109.421000
 109.421000
 109.421000
 109.421000
 107.877000
 107.877000
 107.877000
 107.877000
 107.877000
 107.877000
 107.877000
 107.877000
 106.453000
 106.453000
 106.453000
 106.453000
 106.453000
 106.453000
 106.453000
 106.453000
 106.453000
 106.453000
 106.453000
 105.384000
 105.384000
 105.384000
 105.384000
 105.384000
 105.384000
 105.384000
 105.384000
 105.384000
 105.384000
 103.488000
 103.488000
 103.488000
 103.488000
 103.488000
 103.488000
 103.488000
 103.488000
 103.488000
 103.488000
 101.948000
 101.948000
 101.948000
 101.948000
 101.948000
 101.948000
 101.948000
 101.948000
 101.948000
 100.527000
 100.527000
 100.527000
 100.527000
 100.527000
 100.527000
 100.527000
 100.527000
 100.527000
 100.527000
 98.986300
 98.986300
 98.986300
 98.986300
 98.986300
 98.986300
 98.986300
 98.986300
 98.986300
 98.986300
 98.986300
 97.443600
 97.443600
 97.443600
 97.443600
 97.443600
 97.443600
 97.443600
 97.443600
 97.443600
 97.443600
 96.015700
 96.015700
 96.015700
 96.015700
 96.015700
 96.015700
 96.015700
 96.015700
 96.015700
 96.015700
 94.581600
 94.581600
 94.581600
 94.581600
 94.581600
 94.581600
 94.581600
 94.581600
 94.581600
 94.581600
 93.021700
 93.021700
 93.021700
 93.021700
 93.021700
 93.021700
 93.021700
 93.021700
 93.021700
 93.021700
 91.581100
 91.581100
 91.581100
 91.581100
 91.581100
 91.581100
 91.581100
 91.581100
 91.581100
 91.581100
 90.019200
 90.019200
 90.019200
 90.019200
 90.019200
 90.019200
 90.019200
 90.019200
 90.019200
 90.019200
 88.578000
 88.578000
 88.578000
 88.578000
 88.578000
 88.578000
 88.578000
 88.578000
 88.578000
 87.017100
 87.017100
 87.017100
 87.017100
 87.017100
 87.017100
 87.017100
 87.017100
 87.017100
 85.454600
 85.454600
 85.454600
 85.454600
 85.454600
 85.454600
 85.454600
 85.454600
 85.454600
 84.013900
 84.013900
 84.013900
 84.013900
 84.013900
 84.013900
 84.013900
 84.013900
 84.013900
 84.013900
 82.450400
 82.450400
 82.450400
 82.450400
 82.450400
 82.450400
 82.450400
 82.450400
 82.450400
 82.450400
 81.487000
 81.487000
 81.487000
 81.487000
 81.487000
 81.487000
 81.487000
 81.487000
 81.487000
 81.487000
 79.442400
 79.442400
 79.442400
 79.442400
 79.442400
 79.442400
 79.442400
 79.442400
 79.442400
 79.442400
 77.995700
 77.995700
 77.995700
 77.995700
 77.995700
 77.995700
 77.995700
 77.995700
 77.995700
 77.995700
 76.544400
 76.544400
 76.544400
 76.544400
 76.544400
 76.544400
 76.544400
 76.544400
 76.544400
 76.544400
 74.966900
 74.966900
 74.966900
 74.966900
 74.966900
 74.966900
 74.966900
 74.966900
 73.510200
 73.510200
 73.510200
 73.510200
 73.510200
 73.510200
 73.510200
 73.510200
 73.510200
 73.510200
 73.510200
 71.926900
 71.926900
 71.926900
 71.926900
 71.926900
 71.926900
 71.926900
 71.926900
 71.926900
 71.926900
 70.460300
 70.460300
 70.460300
 70.460300
 70.460300
 70.460300
 70.460300
 70.460300
 70.460300
 70.460300
 68.873900
 68.873900
 68.873900
 68.873900
 68.873900
 68.873900
 68.873900
 68.873900
 68.873900
 68.873900
 67.290300
 67.290300
 67.290300
 67.290300
 67.290300
 67.290300
 67.290300
 67.290300
 67.290300
 67.290300
 65.833300
 65.833300
 65.833300
 65.833300
 65.833300
 65.833300
 65.833300
 65.833300
 65.833300
 65.833300
 64.379100
 64.379100
 64.379100
 64.379100
 64.379100
 64.379100
 64.379100
 64.379100
 64.379100
 64.379100
 62.806700
 62.806700
 62.806700
 62.806700
 62.806700
 62.806700
 62.806700
 62.806700
 62.806700
 62.806700
 61.357300
 61.357300
 61.357300
 61.357300
 61.357300
 61.357300
 61.357300
 61.357300
 61.357300
 61.357300
 59.789100
 59.789100
 59.789100
 59.789100
 59.789100
 59.789100
 59.789100
 59.789100
 59.789100
 59.789100
 59.307800
 59.307800
 59.307800
 59.307800
 59.307800
 59.307800
 59.307800
 59.307800
 59.307800
 59.307800
 56.774800
 56.774800
 56.774800
 56.774800
 56.774800
 56.774800
 56.774800
 56.774800
 56.774800
 56.774800
 55.303600
 55.303600
 55.303600
 55.303600
 55.303600
 55.303600
 55.303600
 55.303600
 55.303600
 55.303600
 54.216700
 54.216700
 54.216700
 54.216700
 54.216700
 54.216700
 54.216700
 54.216700
 54.216700
 54.216700
 52.290400
 52.290400
 52.290400
 52.290400
 52.290400
 52.290400
 52.290400
 52.290400
 52.290400
 52.290400
 50.720900
 50.720900
 50.720900
 50.720900
 50.720900
 50.720900
 50.720900
 50.720900
 50.720900
 50.720900
 49.268700
 49.268700
 49.268700
 49.268700
 49.268700
 49.268700
 49.268700
 49.268700
 49.268700
 49.268700
 47.697900
 47.697900
 47.697900
 47.697900
 47.697900
 47.697900
 47.697900
 47.697900
 47.697900
 46.735300
 46.735300
 46.735300
 46.735300
 46.735300
 46.735300
 46.735300
 46.735300
 46.735300
 46.735300
 44.681600
 44.681600
 44.681600
 44.681600
 44.681600
 44.681600
 44.681600
 44.681600
 44.681600
 44.681600
 44.681600
 43.226900
 43.226900
 43.226900
 43.226900
 43.226900
 43.226900
 43.226900
 43.226900
 43.226900
 43.226900
 42.133900
 42.133900
 42.133900
 42.133900
 42.133900
 42.133900
 42.133900
 42.133900
 42.133900
 42.133900
 40.189300
 40.189300
 40.189300
 40.189300
 40.189300
 40.189300
 40.189300
 40.189300
 40.189300
 40.189300
 39.092200
 39.092200
 39.092200
 39.092200
 39.092200
 39.092200
 39.092200
 39.092200
 39.092200
 39.092200
 37.630900
 37.630900
 37.630900
 37.630900
 37.630900
 37.630900
 37.630900
 37.630900
 37.630900
 37.630900
 35.572200
 35.572200
 35.572200
 35.572200
 35.572200
 35.572200
 35.572200
 35.572200
 35.572200
 35.572200
 34.134300
 34.134300
 34.134300
 34.134300
 34.134300
 34.134300
 34.134300
 34.134300
 34.134300
 34.134300
 32.596400
 32.596400
 32.596400
 32.596400
 32.596400
 32.596400
 32.596400
 32.596400
 32.596400
 32.596400
 31.196100
 31.196100
 31.196100
 31.196100
 31.196100
 31.196100
 31.196100
 31.196100
 31.196100
 31.196100
 29.700600
 29.700600
 29.700600
 29.700600
 29.700600
 29.700600
 29.700600
 29.700600
 29.700600
 29.700600
 28.793000
 28.793000
 28.793000
 28.793000
 28.793000
 28.793000
 28.793000
 28.793000
 28.793000
 28.793000
 26.909000
 26.909000
 26.909000
 26.909000
 26.909000
 26.909000
 26.909000
 26.909000
 26.909000
 26.909000
 25.627900
 25.627900
 25.627900
 25.627900
 25.627900
 25.627900
 25.627900
 25.627900
 25.627900
 25.627900
 24.700500
 24.700500
 24.700500
 24.700500
 24.700500
 24.700500
 24.700500
 24.700500
 24.700500
 23.518600
 23.518600
 23.518600
 23.518600
 23.518600
 23.518600
 23.518600
 23.518600
 23.518600
 23.518600
 23.518600
 22.396300
 22.396300
 22.396300
 22.396300
 22.396300
 22.396300
 22.396300
 22.396300
 22.396300
 22.396300
 20.932500
 20.932500
 20.932500
 20.932500
 20.932500
 20.932500
 20.932500
 20.932500
 20.932500
 20.932500
 20.208800
 20.208800
 20.208800
 20.208800
 20.208800
 20.208800
 20.208800
 20.208800
 20.208800
 20.208800
 19.025800
 19.025800
 19.025800
 19.025800
 19.025800
 19.025800
 19.025800
 19.025800
 19.025800
 19.025800
 18.146800
 18.146800
 18.146800
 18.146800
 18.146800
 18.146800
 18.146800
 18.146800
 18.146800
 18.146800
 17.399100
 17.399100
 17.399100
 17.399100
 17.399100
 17.399100
 17.399100
 17.399100
 17.399100
 17.399100
 16.717900
 16.717900
 16.717900
 16.717900
 16.717900
 16.717900
 16.717900
 16.717900
 16.717900
 16.717900
 16.250100
 16.250100
 16.250100
 16.250100
 16.250100
 16.250100
 16.250100
 16.250100
 16.250100
 15.460300
 15.460300
 15.460300
 15.460300
 15.460300
 15.460300
 15.460300
 15.460300
 15.460300
 15.460300
 14.990400
 14.990400
 14.990400
 14.990400
 14.990400
 14.990400
 14.990400
 14.990400
 14.990400
 14.566700
 14.566700
 14.566700
 14.566700
 14.566700
 14.566700
 14.566700
 14.566700
 14.566700
 14.566700
 14.566700
 14.253200
 14.253200
 14.253200
 14.253200
 14.253200
 14.253200
 14.253200
 14.253200
 14.253200
 14.253200
 14.018700
 14.018700
 14.018700
 14.018700
 14.018700
 14.018700
 14.018700
 14.018700
 14.018700
 14.018700
 13.897800
 13.897800
 13.897800
 13.897800
 13.897800
 13.897800
 13.897800
 13.897800
 13.897800
 13.897800
 13.790200
 13.790200
 13.790200
 13.790200
 13.790200
 13.790200
 13.790200
 13.790200
 13.790200
 13.790200
 13.804900
 13.804900
 13.804900
 13.804900
 13.804900
 13.804900
 13.804900
 13.804900
 13.804900
 13.804900
 13.900300
 13.900300
 13.900300
 13.900300
 13.900300
 13.900300
 13.900300
 13.900300
 13.900300
 13.900300
 14.058600
 14.058600
 14.058600
 14.058600
 14.058600
 14.058600
 14.058600
 14.058600
 14.058600
 14.058600
 14.308300
 14.308300
 14.308300
 14.308300
 14.308300
 14.308300
 14.308300
 14.308300
 14.308300
 14.308300
 14.656800
 14.656800
 14.656800
 14.656800
 14.656800
 14.656800
 14.656800
 14.656800
 14.656800
 14.656800
 15.061900
 15.061900
 15.061900
 15.061900
 15.061900
 15.061900
 15.061900
 15.061900
 15.061900
 15.061900
 15.543200
 15.543200
 15.543200
 15.543200
 15.543200
 15.543200
 15.543200
 15.543200
 15.543200
 15.543200
 16.150600
 16.150600
 16.150600
 16.150600
 16.150600
 16.150600
 16.150600
 16.150600
 16.150600
 16.150600
 16.843300
 16.843300
 16.843300
 16.843300
 16.843300
 16.843300
 16.843300
 16.843300
 16.843300
 16.843300
 17.559300
 17.559300
 17.559300
 17.559300
 17.559300
 17.559300
 17.559300
 17.559300
 17.559300
 17.559300
 18.414900
 18.414900
 18.414900
 18.414900
 18.414900
 18.414900
 18.414900
 18.414900
 18.414900
 18.414900
 18.979400
 18.979400
 18.979400
 18.979400
 18.979400
 18.979400
 18.979400
 18.979400
 18.979400
 18.979400
 20.189700
 20.189700
 20.189700
 20.189700
 20.189700
 20.189700
 20.189700
 20.189700
 20.189700
 20.189700
 21.250300
 21.250300
 21.250300
 21.250300
 21.250300
 21.250300
 21.250300
 21.250300
 21.250300
 21.250300
 22.376400
 22.376400
 22.376400
 22.376400
 22.376400
 22.376400
 22.376400
 22.376400
 22.376400
 22.376400
 23.473000
 23.473000
 23.473000
 23.473000
 23.473000
 23.473000
 23.473000
 23.473000
 23.473000
 23.473000
 24.625200
 24.625200
 24.625200
 24.625200
 24.625200
 24.625200
 24.625200
 24.625200
 24.625200
 24.625200
 25.935900
 25.935900
 25.935900
 25.935900
 25.935900
 25.935900
 25.935900
 25.935900
 25.935900
 25.935900
 27.314500
 27.314500
 27.314500
 27.314500
 27.314500
 27.314500
 27.314500
 27.314500
 27.314500
 27.314500
 28.649800
 28.649800
 28.649800
 28.649800
 28.649800
 28.649800
 28.649800
 28.649800
 28.649800
 28.649800
 30.170600
 30.170600
 30.170600
 30.170600
 30.170600
 30.170600
 30.170600
 30.170600
 30.170600
 30.170600
 31.637400
 31.637400
 31.637400
 31.637400
 31.637400
 31.637400
 31.637400
 31.637400
 31.637400
 31.637400
 33.156700
 33.156700
 33.156700
 33.156700
 33.156700
 33.156700
 33.156700
 33.156700
 33.156700
 33.156700
 34.860700
 34.860700
 34.860700
 34.860700
 34.860700
 34.860700
 34.860700
 34.860700
 34.860700
 34.860700
 35.938400
 35.938400
 35.938400
 35.938400
 35.938400
 35.938400
 35.938400
 35.938400
 35.938400
 35.938400
 38.299100
 38.299100
 38.299100
 38.299100
 38.299100
 38.299100
 38.299100
 38.299100
 38.299100
 38.299100
 40.161700
 40.161700
 40.161700
 40.161700
 40.161700
 40.161700
 40.161700
 40.161700
 40.161700
 40.161700
 41.914700
 41.914700
 41.914700
 41.914700
 41.914700
 41.914700
 41.914700
 41.914700
 41.914700
 41.914700
 43.096600
 43.096600
 43.096600
 43.096600
 43.096600
 43.096600
 43.096600
 43.096600
 43.096600
 43.096600
 45.653000
 45.653000
 45.653000
 45.653000
 45.653000
 45.653000
 45.653000
 45.653000
 45.653000
 45.653000
 47.632700
 47.632700
 