 -3.634860
 -3.634860
 -3.634860
 -3.634860
 -3.634860
 -3.634860
 -3.634860
 -3.634860
 -3.634860
 -3.633770
 -3.633770
 -3.633770
 -3.633770
 -3.633770
 -3.633770
 -3.633770
 -3.633770
 -3.633770
 -3.633770
 -3.632690
 -3.632690
 -3.632690
 -3.632690
 -3.632690
 -3.632690
 -3.632690
 -3.632690
 -3.632690
 -3.632690
 -3.631720
 -3.631720
 -3.631720
 -3.631720
 -3.631720
 -3.631720
 -3.631720
 -3.631720
 -3.631720
 -3.631720
 -3.630920
 -3.630920
 -3.630920
 -3.630920
 -3.630920
 -3.630920
 -3.630920
 -3.630920
 -3.630920
 -3.630920
 -3.630180
 -3.630180
 -3.630180
 -3.630180
 -3.630180
 -3.630180
 -3.630180
 -3.630180
 -3.630180
 -3.630180
 -3.629560
 -3.629560
 -3.629560
 -3.629560
 -3.629560
 -3.629560
 -3.629560
 -3.629560
 -3.629560
 -3.629560
 -3.629370
 -3.629370
 -3.629370
 -3.629370
 -3.629370
 -3.629370
 -3.629370
 -3.629370
 -3.629370
 -3.629370
 -3.628710
 -3.628710
 -3.628710
 -3.628710
 -3.628710
 -3.628710
 -3.628710
 -3.628710
 -3.628710
 -3.628710
 -3.628460
 -3.628460
 -3.628460
 -3.628460
 -3.628460
 -3.628460
 -3.628460
 -3.628460
 -3.628460
 -3.628460
 -3.628250
 -3.628250
 -3.628250
 -3.628250
 -3.628250
 -3.628250
 -3.628250
 -3.628250
 -3.628250
 -3.628250
 -3.628060
 -3.628060
 -3.628060
 -3.628060
 -3.628060
 -3.628060
 -3.628060
 -3.628060
 -3.628060
 -3.628060
 -3.627910
 -3.627910
 -3.627910
 -3.627910
 -3.627910
 -3.627910
 -3.627910
 -3.627910
 -3.627910
 -3.627910
 -3.627810
 -3.627810
 -3.627810
 -3.627810
 -3.627810
 -3.627810
 -3.627810
 -3.627810
 -3.627810
 -3.627810
 -3.627640
 -3.627640
 -3.627640
 -3.627640
 -3.627640
 -3.627640
 -3.627640
 -3.627640
 -3.627640
 -3.627640
 -3.627500
 -3.627500
 -3.627500
 -3.627500
 -3.627500
 -3.627500
 -3.627500
 -3.627500
 -3.627500
 -3.627500
 -3.627420
 -3.627420
 -3.627420
 -3.627420
 -3.627420
 -3.627420
 -3.627420
 -3.627420
 -3.627420
 -3.627420
 -3.626940
 -3.626940
 -3.626940
 -3.626940
 -3.626940
 -3.626940
 -3.626940
 -3.626940
 -3.626940
 -3.626940
 -3.626730
 -3.626730
 -3.626730
 -3.626730
 -3.626730
 -3.626730
 -3.626730
 -3.626730
 -3.626730
 -3.626730
 -3.626150
 -3.626150
 -3.626150
 -3.626150
 -3.626150
 -3.626150
 -3.626150
 -3.626150
 -3.626150
 -3.626150
 -3.625690
 -3.625690
 -3.625690
 -3.625690
 -3.625690
 -3.625690
 -3.625690
 -3.625690
 -3.625690
 -3.625690
 -3.625210
 -3.625210
 -3.625210
 -3.625210
 -3.625210
 -3.625210
 -3.625210
 -3.625210
 -3.625210
 -3.625210
 -3.624590
 -3.624590
 -3.624590
 -3.624590
 -3.624590
 -3.624590
 -3.624590
 -3.624590
 -3.624590
 -3.624590
 -3.623970
 -3.623970
 -3.623970
 -3.623970
 -3.623970
 -3.623970
 -3.623970
 -3.623970
 -3.623970
 -3.623970
 -3.623310
 -3.623310
 -3.623310
 -3.623310
 -3.623310
 -3.623310
 -3.623310
 -3.623310
 -3.623310
 -3.623310
 -3.622690
 -3.622690
 -3.622690
 -3.622690
 -3.622690
 -3.622690
 -3.622690
 -3.622690
 -3.622690
 -3.622690
 -3.622370
 -3.622370
 -3.622370
 -3.622370
 -3.622370
 -3.622370
 -3.622370
 -3.622370
 -3.622370
 -3.622370
 -3.621660
 -3.621660
 -3.621660
 -3.621660
 -3.621660
 -3.621660
 -3.621660
 -3.621660
 -3.621660
 -3.621290
 -3.621290
 -3.621290
 -3.621290
 -3.621290
 -3.621290
 -3.621290
 -3.621290
 -3.621290
 -3.621290
 -3.621290
 -3.621080
 -3.621080
 -3.621080
 -3.621080
 -3.621080
 -3.621080
 -3.621080
 -3.621080
 -3.621080
 -3.621080
 -3.620920
 -3.620920
 -3.620920
 -3.620920
 -3.620920
 -3.620920
 -3.620920
 -3.620920
 -3.620920
 -3.620920
 -3.620830
 -3.620830
 -3.620830
 -3.620830
 -3.620830
 -3.620830
 -3.620830
 -3.620830
 -3.620830
 -3.620940
 -3.620940
 -3.620940
 -3.620940
 -3.620940
 -3.620940
 -3.620940
 -3.620940
 -3.620940
 -3.620940
 -3.620940
 -3.621190
 -3.621190
 -3.621190
 -3.621190
 -3.621190
 -3.621190
 -3.621190
 -3.621190
 -3.621190
 -3.621190
 -3.621610
 -3.621610
 -3.621610
 -3.621610
 -3.621610
 -3.621610
 -3.621610
 -3.621610
 -3.621610
 -3.621920
 -3.621920
 -3.621920
 -3.621920
 -3.621920
 -3.621920
 -3.621920
 -3.621920
 -3.621920
 -3.621920
 -3.621920
 -3.622870
 -3.622870
 -3.622870
 -3.622870
 -3.622870
 -3.622870
 -3.622870
 -3.622870
 -3.622870
 -3.622870
 -3.623540
 -3.623540
 -3.623540
 -3.623540
 -3.623540
 -3.623540
 -3.623540
 -3.623540
 -3.623540
 -3.623540
 -3.624140
 -3.624140
 -3.624140
 -3.624140
 -3.624140
 -3.624140
 -3.624140
 -3.624140
 -3.624140
 -3.624140
 -3.625140
 -3.625140
 -3.625140
 -3.625140
 -3.625140
 -3.625140
 -3.625140
 -3.625140
 -3.625140
 -3.625140
 -3.625960
 -3.625960
 -3.625960
 -3.625960
 -3.625960
 -3.625960
 -3.625960
 -3.625960
 -3.625960
 -3.626680
 -3.626680
 -3.626680
 -3.626680
 -3.626680
 -3.626680
 -3.626680
 -3.626680
 -3.626680
 -3.626680
 -3.627230
 -3.627230
 -3.627230
 -3.627230
 -3.627230
 -3.627230
 -3.627230
 -3.627230
 -3.627230
 -3.627230
 -3.627690
 -3.627690
 -3.627690
 -3.627690
 -3.627690
 -3.627690
 -3.627690
 -3.627690
 -3.627690
 -3.627690
 -3.628090
 -3.628090
 -6.053940
 -3.643840
 -3.643840
 -3.643840
 -3.643840
 -3.643840
 -3.643840
 -3.681120
 -3.681120
 -3.681120
 -3.681120
 -3.681120
 -3.681120
 -3.681120
 -3.681120
 -3.681120
 -3.681120
 -3.681120
 -3.722900
 -3.722900
 -3.722900
 -3.722900
 -3.722900
 -3.722900
 -3.722900
 -3.722900
 -3.762680
 -3.762680
 -3.762680
 -3.762680
 -3.762680
 -3.762680
 -3.762680
 -3.762680
 -3.762680
 -3.762680
 -3.807120
 -3.807120
 -3.807120
 -3.807120
 -3.807120
 -3.807120
 -3.807120
 -3.807120
 -3.807120
 -3.807120
 -3.807120
 -3.849220
 -3.849220
 -3.849220
 -3.849220
 -3.849220
 -3.849220
 -3.849220
 -3.849220
 -3.849220
 -3.849220
 -3.881330
 -3.881330
 -3.881330
 -3.881330
 -3.881330
 -3.881330
 -3.881330
 -3.881330
 -3.881330
 -3.881330
 -3.924800
 -3.924800
 -3.924800
 -3.924800
 -3.924800
 -3.924800
 -3.924800
 -3.924800
 -3.924800
 -3.987510
 -3.987510
 -3.987510
 -3.987510
 -3.987510
 -3.987510
 -3.987510
 -3.987510
 -3.987510
 -3.987510
 -3.987510
 -4.046250
 -4.046250
 -4.046250
 -4.046250
 -4.046250
 -4.046250
 -4.046250
 -4.046250
 -4.046250
 -4.046250
 -4.110980
 -4.110980
 -4.110980
 -4.110980
 -4.110980
 -4.110980
 -4.110980
 -4.110980
 -4.110980
 -4.110980
 -4.128050
 -4.128050
 -4.128050
 -4.128050
 -4.128050
 -4.128050
 -4.128050
 -4.128050
 -4.128050
 -4.163110
 -4.163110
 -4.163110
 -4.163110
 -4.163110
 -4.163110
 -4.163110
 -4.163110
 -4.163110
 -4.163110
 -4.163110
 -4.245130
 -4.245130
 -4.245130
 -4.245130
 -4.245130
 -4.245130
 -4.245130
 -4.245130
 -4.245130
 -4.265090
 -4.265090
 -4.265090
 -4.265090
 -4.265090
 -4.265090
 -4.265090
 -4.265090
 -4.265090
 -4.265090
 -4.291410
 -4.291410
 -4.291410
 -4.291410
 -4.291410
 -4.291410
 -4.291410
 -4.291410
 -4.291410
 -4.291410
 -4.304140
 -4.347960
 -4.347960
 -4.347960
 -4.347960
 -4.347960
 -4.347960
 -4.347960
 -4.347960
 -4.347960
 -4.347960
 -4.410980
 -4.410980
 -4.410980
 -4.410980
 -4.410980
 -4.410980
 -4.410980
 -4.410980
 -4.410980
 -4.458710
 -4.458710
 -4.458710
 -4.458710
 -4.458710
 -4.458710
 -4.458710
 -4.458710
 -4.458710
 -4.458710
 -4.458710
 -4.474030
 -4.474030
 -4.474030
 -4.474030
 -4.474030
 -4.474030
 -4.474030
 -4.474030
 -4.474030
 -4.474030
 -4.517600
 -4.517600
 -4.517600
 -4.517600
 -4.517600
 -4.517600
 -4.517600
 -4.517600
 -4.517600
 -4.527120
 -4.527120
 -4.527120
 -4.527120
 -4.527120
 -4.527120
 -4.527120
 -4.527120
 -4.527120
 -4.527120
 -4.527120
 -4.591120
 -4.591120
 -4.591120
 -4.591120
 -4.591120
 -4.591120
 -4.591120
 -4.591120
 -4.591120
 -4.651290
 -4.651290
 -4.651290
 -4.651290
 -4.651290
 -4.651290
 -4.651290
 -4.651290
 -4.651290
 -4.651290
 -4.651290
 -4.697590
 -4.697590
 -4.697590
 -4.697590
 -4.697590
 -4.697590
 -4.697590
 -4.697590
 -4.697590
 -4.717140
 -4.717140
 -4.717140
 -4.717140
 -4.717140
 -4.717140
 -4.717140
 -4.717140
 -4.717140
 -4.717140
 -4.717140
 -4.725470
 -4.725470
 -4.725470
 -4.725470
 -4.725470
 -4.725470
 -4.725470
 -4.725470
 -4.725470
 -4.784430
 -4.784430
 -4.784430
 -4.784430
 -4.784430
 -4.784430
 -4.784430
 -4.784430
 -4.784430
 -4.784430
 -4.784430
 -4.842840
 -4.842840
 -4.842840
 -4.842840
 -4.842840
 -4.842840
 -4.842840
 -4.842840
 -4.882710
 -4.882710
 -4.882710
 -4.882710
 -4.882710
 -4.882710
 -4.882710
 -4.882710
 -4.882710
 -4.882710
 -4.882710
 -4.904840
 -4.904840
 -4.904840
 -4.904840
 -4.904840
 -4.904840
 -4.904840
 -4.904840
 -4.904840
 -4.936070
 -4.936070
 -4.936070
 -4.936070
 -4.936070
 -4.936070
 -4.936070
 -4.936070
 -4.936070
 -4.936070
 -4.961990
 -4.961990
 -4.961990
 -4.961990
 -4.961990
 -4.961990
 -4.961990
 -4.961990
 -4.961990
 -4.961990
 -4.987550
 -4.987550
 -4.987550
 -4.987550
 -4.987550
 -4.987550
 -4.987550
 -4.987550
 -4.987550
 -4.987550
 -5.037520
 -5.037520
 -5.037520
 -5.037520
 -5.037520
 -5.037520
 -5.037520
 -5.037520
 -5.037520
 -5.037520
 -5.075290
 -5.075290
 -5.075290
 -5.075290
 -5.075290
 -5.075290
 -5.075290
 -5.075290
 -5.075290
 -5.075290
 -5.114580
 -5.114580
 -5.114580
 -5.114580
 -5.114580
 -5.114580
 -5.114580
 -5.114580
 -5.114580
 -5.114580
 -5.125440
 -5.125440
 -5.125440
 -5.125440
 -5.125440
 -5.125440
 -5.125440
 -5.125440
 -5.125440
 -5.125440
 -5.149810
 -5.149810
 -5.149810
 -5.149810
 -5.149810
 -5.149810
 -5.149810
 -5.149810
 -5.149810
 -5.149810
 -5.174170
 -5.174170
 -5.174170
 -5.174170
 -5.174170
 -5.174170
 -5.174170
 -5.174170
 -5.174170
 -5.174170
 -5.222970
 -5.222970
 -5.222970
 -5.222970
 -5.222970
 -5.222970
 -5.222970
 -5.222970
 -5.222970
 -5.222970
 -5.260580
 -5.260580
 -5.260580
 -5.260580
 -5.260580
 -5.260580
 -5.260580
 -5.260580
 -5.260580
 -5.260580
 -5.299140
 -5.299140
 -5.299140
 -5.299140
 -5.299140
 -5.299140
 -5.299140
 -5.299140
 -5.299140
 -5.299140
 -5.322290
 -5.322290
 -5.322290
 -5.322290
 -5.322290
 -5.322290
 -5.322290
 -5.322290
 -5.322290
 -5.322290
 -5.322290
 -5.352220
 -5.352220
 -5.352220
 -5.352220
 -5.352220
 -5.352220
 -5.352220
 -5.352220
 -5.352220
 -5.351040
 -5.351040
 -5.351040
 -5.351040
 -5.351040
 -5.351040
 -5.351040
 -5.351040
 -5.351040
 -5.351040
 -5.383710
 -5.383710
 -5.383710
 -5.383710
 -5.383710
 -5.383710
 -5.383710
 -5.383710
 -5.383710
 -5.383710
 -5.428290
 -5.428290
 -5.428290
 -5.428290
 -5.428290
 -5.428290
 -5.428290
 -5.428290
 -5.428290
 -5.428290
 -5.428290
 -5.452890
 -5.452890
 -5.452890
 -5.452890
 -5.452890
 -5.452890
 -5.452890
 -5.452890
 -5.452890
 -5.478900
 -5.478900
 -5.478900
 -5.478900
 -5.478900
 -5.478900
 -5.478900
 -5.478900
 -5.478900
 -5.478900
 -5.506390
 -5.506390
 -5.506390
 -5.506390
 -5.506390
 -5.506390
 -5.506390
 -5.506390
 -5.506390
 -5.506390
 -5.513500
 -5.513500
 -5.513500
 -5.513500
 -5.513500
 -5.513500
 -5.513500
 -5.513500
 -5.513500
 -5.513500
 -5.538060
 -5.538060
 -5.538060
 -5.538060
 -5.538060
 -5.538060
 -5.538060
 -5.538060
 -5.538060
 -5.538060
 -5.563280
 -5.563280
 -5.563280
 -5.563280
 -5.563280
 -5.563280
 -5.563280
 -5.563280
 -5.563280
 -5.563280
 -5.601780
 -5.601780
 -5.601780
 -5.601780
 -5.601780
 -5.601780
 -5.601780
 -5.601780
 -5.601780
 -5.601780
 -5.648520
 0.762377
 0.762377
 0.762377
 0.762377
 0.762377
 0.762377
 0.762377
 0.762377
 0.762377
 0.763555
 0.763555
 0.763555
 0.763555
 0.763555
 0.763555
 0.763555
 0.763555
 0.763555
 0.763555
 0.763555
 0.765667
 0.765667
 0.765667
 0.765667
 0.765667
 0.765667
 0.765667
 0.765667
 0.765667
 0.769193
 0.769193
 0.769193
 0.769193
 0.769193
 0.769193
 0.769193
 0.769193
 0.769193
 0.769193
 0.770513
 0.770513
 0.770513
 0.770513
 0.770513
 0.770513
 0.770513
 0.770513
 0.770513
 0.770513
 0.770513
 0.776844
 0.776844
 0.776844
 0.776844
 0.776844
 0.776844
 0.776844
 0.776844
 0.776844
 0.783064
 0.783064
 0.783064
 0.783064
 0.783064
 0.783064
 0.783064
 0.783064
 0.783064
 0.783064
 0.792481
 0.792481
 0.792481
 0.792481
 0.792481
 0.792481
 0.792481
 0.792481
 0.792481
 0.792481
 0.797398
 0.797398
 0.797398
 0.797398
 0.797398
 0.797398
 0.797398
 0.797398
 0.797398
 0.797398
 0.808832
 0.808832
 0.808832
 0.808832
 0.808832
 0.808832
 0.808832
 0.808832
 0.808832
 0.808832
 0.808832
 0.817733
 0.817733
 0.817733
 0.817733
 0.817733
 0.817733
 0.817733
 0.817733
 0.817733
 0.823851
 0.823851
 0.823851
 0.823851
 0.823851
 0.823851
 0.823851
 0.823851
 0.823851
 0.823851
 0.838563
 0.838563
 0.838563
 0.838563
 0.838563
 0.838563
 0.838563
 0.838563
 0.838563
 0.838563
 0.851142
 0.851142
 0.851142
 0.851142
 0.851142
 0.851142
 0.851142
 0.851142
 0.851142
 0.851142
 0.863815
 0.863815
 0.863815
 0.863815
 0.863815
 0.863815
 0.863815
 0.863815
 0.863815
 0.863815
 0.872792
 0.872792
 0.872792
 0.872792
 0.872792
 0.872792
 0.872792
 0.872792
 0.872792
 0.872792
 0.893110
 0.893110
 0.893110
 0.893110
 0.893110
 0.893110
 0.893110
 0.893110
 0.893110
 0.893110
 0.893110
 0.904374
 0.904374
 0.904374
 0.904374
 0.904374
 0.904374
 0.904374
 0.904374
 0.904374
 0.924773
 0.924773
 0.924773
 0.924773
 0.924773
 0.924773
 0.924773
 0.924773
 0.924773
 0.924773
 0.941479
 0.941479
 0.941479
 0.941479
 0.941479
 0.941479
 0.941479
 0.941479
 0.941479
 0.941479
 0.956873
 0.956873
 0.956873
 0.956873
 0.956873
 0.956873
 0.956873
 0.956873
 0.956873
 0.956873
 0.973386
 0.973386
 0.973386
 0.973386
 0.973386
 0.973386
 0.973386
 0.973386
 0.973386
 0.973386
 0.973386
 0.988493
 0.988493
 0.988493
 0.988493
 0.988493
 0.988493
 0.988493
 0.988493
 0.988493
 0.988493
 1.004680
 1.004680
 1.004680
 1.004680
 1.004680
 1.004680
 1.004680
 1.004680
 1.004680
 1.019310
 1.019310
 1.019310
 1.019310
 1.019310
 1.019310
 1.019310
 1.019310
 1.019310
 1.019310
 1.019310
 1.030000
 1.030000
 1.030000
 1.030000
 1.030000
 1.030000
 1.030000
 1.030000
 1.030000
 1.030000
 1.048160
 1.048160
 1.048160
 1.048160
 1.048160
 1.048160
 1.048160
 1.048160
 1.048160
 1.048160
 1.062030
 1.062030
 1.062030
 1.062030
 1.062030
 1.062030
 1.062030
 1.062030
 1.062030
 1.074030
 1.074030
 1.074030
 1.074030
 1.074030
 1.074030
 1.074030
 1.074030
 1.074030
 1.074030
 1.074030
 1.081490
 1.081490
 1.081490
 1.081490
 1.081490
 1.081490
 1.081490
 1.081490
 1.081490
 1.095580
 1.095580
 1.095580
 1.095580
 1.095580
 1.095580
 1.095580
 1.095580
 1.095580
 1.105060
 1.105060
 1.105060
 1.105060
 1.105060
 1.105060
 1.105060
 1.105060
 1.105060
 1.112950
 1.112950
 1.112950
 1.112950
 1.112950
 1.112950
 1.112950
 1.112950
 1.112950
 1.112950
 1.112950
 1.120750
 1.120750
 1.120750
 1.120750
 1.120750
 1.120750
 1.120750
 1.120750
 1.120750
 1.120750
 1.127350
 1.127350
 1.127350
 1.127350
 1.127350
 1.127350
 1.127350
 1.133920
 1.133920
 1.133920
 1.133920
 1.133920
 1.133920
 1.133920
 1.133920
 1.133920
 1.133920
 1.139580
 1.139580
 1.139580
 1.139580
 1.139580
 1.139580
 1.139580
 1.139580
 1.139580
 1.139580
 1.145410
 1.145410
 1.145410
 1.145410
 1.145410
 1.145410
 1.145410
 1.145410
 1.145410
 1.145410
 1.148850
 1.148850
 1.148850
 1.148850
 1.148850
 1.148850
 1.148850
 1.155890
 1.155890
 1.155890
 1.155890
 1.155890
 1.155890
 1.155890
 1.155890
 1.155890
 1.160690
 1.160690
 1.160690
 1.160690
 1.160690
 1.160690
 1.160690
 1.160690
 1.160690
 1.160690
 1.165810
 1.165810
 1.165810
 1.165810
 1.165810
 1.165810
 1.165810
 1.165810
 1.165810
 1.165810
 1.170520
 1.170520
 1.170520
 1.170520
 1.170520
 1.170520
 1.170520
 1.170520
 1.170520
 1.170520
 1.170520
 1.175620
 1.175620
 1.175620
 1.175620
 1.175620
 1.175620
 1.175620
 1.175620
 1.175620
 1.175620
 1.180410
 1.180410
 1.180410
 1.180410
 1.180410
 1.180410
 1.180410
 1.180410
 1.180410
 1.180410
 1.185630
 1.185630
 1.185630
 1.185630
 1.185630
 1.185630
 1.185630
 1.185630
 1.185630
 1.190450
 1.190450
 1.190450
 1.190450
 1.190450
 1.190450
 1.190450
 1.190450
 1.190450
 1.190450
 1.195650
 1.195650
 1.195650
 1.195650
 1.195650
 1.195650
 1.195650
 1.195650
 1.195650
 1.195650
 1.200380
 1.200380
 1.200380
 1.200380
 1.200380
 1.200380
 1.200380
 1.200380
 1.200380
 1.200380
 1.203880
 1.203880
 1.203880
 1.203880
 1.203880
 1.203880
 1.203880
 1.203880
 1.203880
 1.203880
 1.203880
 1.209910
 1.209910
 1.209910
 1.209910
 1.209910
 1.209910
 1.209910
 1.209910
 1.209910
 1.214480
 1.214480
 1.214480
 1.214480
 1.214480
 1.214480
 1.214480
 1.214480
 1.214480
 1.214480
 1.218840
 1.218840
 1.218840
 1.218840
 1.218840
 1.218840
 1.218840
 1.218840
 1.218840
 1.218840
 1.222570
 1.222570
 1.222570
 1.222570
 1.222570
 1.222570
 1.222570
 1.222570
 1.222570
 1.222570
 1.226300
 1.226300
 1.226300
 1.226300
 1.226300
 1.226300
 1.226300
 1.226300
 1.226300
 1.226300
 1.229450
 1.229450
 1.229450
 1.229450
 1.229450
 1.229450
 1.229450
 1.229450
 1.229450
 1.229450
 1.232550
 1.232550
 1.232550
 1.232550
 1.232550
 1.232550
 1.232550
 1.232550
 1.232550
 1.232550
 1.235160
 1.235160
 1.235160
 1.235160
 1.235160
 1.235160
 1.235160
 1.235160
 1.235160
 1.235160
 1.237740
 1.237740
 1.237740
 1.237740
 1.237740
 1.237740
 1.237740
 1.237740
 1.237740
 1.237740
 1.239230
 1.239230
 1.239230
 1.239230
 1.239230
 1.239230
 1.239230
 1.239230
 1.239230
 1.239230
 1.242210
 1.242210
 1.242210
 1.242210
 1.242210
 1.242210
 1.242210
 1.242210
 1.242210
 1.242210
 1.244190
 1.244190
 1.244190
 1.244190
 1.244190
 1.244190
 1.244190
 1.244190
 1.244190
 1.244190
 1.246250
 1.246250
 1.246250
 1.246250
 1.246250
 1.246250
 1.246250
 1.246250
 1.246250
 1.248190
 1.248190
 1.248190
 1.248190
 1.248190
 1.248190
 1.248190
 1.248190
 1.248190
 1.249520
 1.249520
 1.249520
 1.249520
 1.249520
 1.249520
 1.249520
 1.249520
 1.249520
 1.252360
 1.252360
 1.252360
 1.252360
 1.252360
 1.252360
 1.252360
 1.252360
 1.252360
 1.252360
 1.254540
 1.254540
 1.254540
 1.254540
 1.254540
 1.254540
 1.254540
 1.254540
 1.254540
 1.254540
 1.256640
 1.256640
 1.256640
 1.256640
 1.256640
 1.256640
 1.256640
 1.256640
 1.256640
 1.256640
 1.258310
 1.258310
 1.258310
 1.258310
 1.258310
 1.258310
 1.258310
 1.258310
 1.260580
 1.260580
 1.260580
 1.260580
 1.260580
 1.260580
 1.260580
 1.260580
 1.260580
 1.263910
 1.263910
 1.263910
 1.263910
 1.263910
 1.263910
 1.263910
 1.263910
 1.263910
 1.266240
 1.266240
 1.266240
 1.266240
 1.266240
 1.266240
 1.266240
 1.266240
 1.268730
 1.268730
 1.268730
 1.268730
 1.268730
 1.268730
 1.268730
 1.268730
 1.268730
 1.268730
 1.268730
 1.271030
 1.271030
 1.271030
 1.271030
 1.271030
 1.271030
 1.271030
 1.271030
 1.271030
 1.271030
 1.271800
 1.271800
 1.271800
 1.271800
 1.271800
 1.271800
 1.271800
 1.271800
 1.271800
 1.271800
 1.275570
 1.275570
 1.275570
 1.275570
 1.275570
 1.275570
 1.275570
 1.275570
 1.275570
 1.275570
 1.277760
 1.277760
 1.277760
 1.277760
 1.277760
 1.277760
 1.277760
 1.277760
 1.279640
 1.279640
 1.279640
 1.279640
 1.279640
 1.279640
 1.279640
 1.279640
 1.279640
 1.279640
 1.279640
 1.279640
 1.281640
 1.281640
 1.281640
 1.281640
 1.281640
 1.281640
 1.281640
 1.281640
 1.281640
 1.282830
 1.282830
 1.282830
 1.282830
 1.282830
 1.282830
 1.282830
 1.282830
 1.282830
 1.282830
 1.285260
 1.285260
 1.285260
 1.285260
 1.285260
 1.285260
 1.285260
 1.285260
 1.285260
 1.285260
 1.285260
 1.286790
 1.286790
 1.286790
 1.286790
 1.286790
 1.286790
 1.286790
 1.286790
 1.286790
 1.288270
 1.288270
 1.288270
 1.288270
 1.288270
 1.288270
 1.288270
 1.288270
 1.288270
 1.288270
 1.288270
 1.289610
 1.289610
 1.289610
 1.289610
 1.289610
 1.289610
 1.289610
 1.289610
 1.289610
 1.290430
 1.290430
 1.290430
 1.290430
 1.290430
 1.290430
 1.290430
 1.290430
 1.290430
 1.290430
 1.292000
 1.292000
 1.292000
 1.292000
 1.292000
 1.292000
 1.292000
 1.292000
 1.292000
 1.292000
 1.292000
 1.293100
 1.293100
 1.293100
 1.293100
 1.293100
 1.293100
 1.293100
 1.293100
 1.293100
 1.293100
 1.294050
 1.294050
 1.294050
 1.294050
 1.294050
 1.294050
 1.294050
 1.294050
 1.294050
 1.294720
 1.294720
 1.294720
 1.294720
 1.294720
 1.294720
 1.294720
 1.294720
 1.294720
 1.294720
 1.294720
 1.295430
 1.295430
 1.295430
 1.295430
 1.295430
 1.295430
 1.295430
 1.295430
 1.295430
 1.296470
 1.296470
 1.296470
 1.296470
 1.296470
 1.296470
 1.296470
 1.296470
 1.296470
 1.296470
 1.297190
 1.297190
 1.297190
 1.297190
 1.297190
 1.297190
 1.297190
 1.297190
 1.297190
 1.297190
 1.297190
 1.297720
 1.297720
 1.297720
 1.297720
 1.297720
 1.297720
 1.297720
 1.297720
 1.297720
 1.297720
 1.298970
 1.298970
 1.298970
 1.298970
 1.298970
 1.298970
 1.298970
 1.298970
 1.298970
 1.298970
 1.299990
 1.299990
 1.299990
 1.299990
 1.299990
 1.299990
 1.299990
 1.299990
 1.299990
 1.299990
 1.301260
 1.301260
 1.301260
 1.301260
 1.301260
 1.301260
 1.301260
 1.301260
 1.301260
 1.301260
 1.302500
 1.302500
 1.302500
 1.302500
 1.302500
 1.302500
 1.302500
 1.302500
 1.302500
 1.303940
 1.303940
 1.303940
 1.303940
 1.303940
 1.303940
 1.303940
 1.303940
 1.303940
 1.303940
 1.305410
 1.305410
 1.305410
 1.305410
 1.305410
 1.305410
 1.305410
 1.305410
 1.305410
 1.305410
 1.306530
 1.306530
 1.306530
 1.306530
 1.306530
 1.306530
 1.306530
 1.306530
 1.306530
 1.306530
 1.306530
 1.308910
 1.308910
 1.308910
 1.308910
 1.308910
 1.308910
 1.308910
 1.308910
 1.308910
 1.310950
 1.310950
 1.310950
 1.310950
 1.310950
 1.310950
 1.310950
 1.310950
 1.310950
 1.310950
 1.312890
 1.312890
 1.312890
 1.312890
 1.312890
 1.312890
 1.312890
 1.312890
 1.312890
 1.312890
 1.314960
 1.314960
 1.314960
 1.314960
 1.314960
 1.314960
 1.314960
 1.314960
 1.314960
 1.314960
 1.316920
 1.316920
 1.316920
 1.316920
 1.316920
 1.316920
 1.316920
 1.316920
 1.316920
 1.316920
 1.316920
 1.318550
 1.318550
 1.318550
 1.318550
 1.318550
 1.318550
 1.318550
 1.318550
 1.318550
 1.319910
 1.319910
 1.319910
 1.319910
 1.319910
 1.319910
 1.319910
 1.319910
 1.319910
 1.319910
 1.319910
 1.321030
 1.321030
 1.321030
 1.321030
 1.321030
 1.321030
 1.321030
 1.321030
 1.321030
 1.321860
 1.321860
 1.321860
 1.321860
 1.321860
 1.321860
 1.321860
 1.321860
 1.322430
 1.322430
 1.322430
 1.322430
 1.322430
 1.322430
 1.322430
 1.322430
 1.322430
 1.322720
 1.322720
 1.322720
 1.322720
 1.322720
 1.322720
 1.322720
 1.322720
 1.322720
 1.322720
 1.322910
 1.322910
 1.322910
 1.322910
 1.322910
 1.322910
 1.322910
 1.322910
 1.322910
 1.322870
 1.322870
 1.322870
 1.322870
 1.322870
 1.322870
 1.322870
 1.322870
 1.322870
 1.322870
 1.322850
 1.322850
 1.322850
 1.322850
 1.322850
 1.322850
 1.322850
 1.322850
 1.322850
 1.322850
 1.322850
 1.322680
 1.322680
 1.322680
 1.322680
 1.322680
 1.322680
 1.322680
 1.322680
 1.322680
 1.322680
 1.322480
 1.322480
 1.322480
 1.322480
 1.322480
 1.322480
 1.322480
 1.322480
 1.322480
 1.322480
 1.322290
 1.322290
 1.322290
 1.322290
 1.322290
 1.322290
 1.322290
 1.322290
 1.322290
 1.322290
 1.322110
 1.322110
 1.322110
 1.322110
 1.322110
 1.322110
 1.322110
 1.322110
 1.322110
 1.322110
 1.321910
 1.321910
 1.321910
 1.321910
 1.321910
 1.321910
 1.321910
 1.321910
 1.321910
 1.321910
 1.321650
 1.321650
 1.321650
 1.321650
 1.321650
 1.321650
 1.321650
 1.321650
 1.321650
 1.321650
 1.321580
 1.321580
 1.321580
 1.321580
 1.321580
 1.321580
 1.321580
 1.321580
 1.321700
 1.321700
 1.321700
 1.321700
 1.321700
 1.321700
 1.321700
 1.321700
 1.321700
 1.321700
 1.321700
 1.321930
 1.321930
 1.321930
 1.321930
 1.321930
 1.321930
 1.321930
 1.321930
 1.321930
 1.322440
 1.322440
 1.322440
 1.322440
 1.322440
 1.322440
 1.322440
 1.322440
 1.322440
 1.322440
 1.323200
 1.323200
 1.323200
 1.323200
 1.323200
 1.323200
 1.323200
 1.323200
 1.323200
 1.323200
 1.324100
 1.324100
 1.324100
 1.324100
 1.324100
 1.324100
 1.324100
 1.324100
 1.324100
 1.324100
 1.325090
 1.325090
 1.325090
 1.325090
 1.325090
 1.325090
 1.325090
 1.325090
 1.325090
 1.325090
 1.325090
 1.326250
 1.326250
 1.326250
 1.326250
 1.326250
 1.326250
 1.326250
 1.326250
 1.326250
 1.326250
 1.327370
 1.327370
 1.327370
 1.327370
 1.327370
 1.327370
 1.327370
 1.327370
 1.327370
 1.327370
 1.328630
 1.328630
 1.328630
 1.328630
 1.328630
 1.328630
 1.328630
 1.328630
 1.328630
 1.328630
 1.329060
 1.329060
 1.329060
 1.329060
 1.329060
 1.329060
 1.329060
 1.329060
 1.329060
 1.329060
 1.331000
 1.331000
 1.331000
 1.331000
 1.331000
 1.331000
 1.331000
 1.331000
 1.331000
 1.332030
 1.332030
 1.332030
 1.332030
 1.332030
 1.332030
 1.332030
 1.332030
 1.332030
 1.332030
 1.332640
 1.332640
 1.332640
 1.332640
 1.332640
 1.332640
 1.332640
 1.332640
 1.332640
 1.332640
 1.332640
 1.333850
 1.333850
 1.333850
 1.333850
 1.333850
 1.333850
 1.333850
 1.333850
 1.333850
 1.333850
 1.334700
 1.334700
 1.334700
 1.334700
 1.334700
 1.334700
 1.334700
 1.334700
 1.334700
 1.335330
 1.335330
 1.335330
 1.335330
 1.335330
 1.335330
 1.335330
 1.335330
 1.335330
 1.335330
 1.335900
 1.335900
 1.335900
 1.335900
 1.335900
 1.335900
 1.335900
 1.335900
 1.335900
 1.335900
 1.336310
 1.336310
 1.336310
 1.336310
 1.336310
 1.336310
 1.336310
 1.336310
 1.336310
 1.336310
 1.336970
 1.336970
 -1.351220
 0.027405
 0.027405
 0.027405
 0.027405
 0.027405
 0.027405
 0.027405
 0.001681
 0.001681
 0.001681
 0.001681
 0.001681
 0.001681
 0.001681
 0.001681
 0.001681
 0.001681
 -0.017588
 -0.017588
 -0.017588
 -0.017588
 -0.017588
 -0.017588
 -0.017588
 -0.017588
 -0.017588
 -0.017588
 -0.051894
 -0.051894
 -0.051894
 -0.051894
 -0.051894
 -0.051894
 -0.051894
 -0.051894
 -0.051894
 -0.051894
 -0.071160
 -0.071160
 -0.071160
 -0.071160
 -0.071160
 -0.071160
 -0.071160
 -0.071160
 -0.071160
 -0.071160
 -0.096938
 -0.096938
 -0.096938
 -0.096938
 -0.096938
 -0.096938
 -0.096938
 -0.096938
 -0.096938
 -0.096938
 -0.133141
 -0.133141
 -0.133141
 -0.133141
 -0.133141
 -0.133141
 -0.133141
 -0.133141
 -0.133141
 -0.158397
 -0.158397
 -0.158397
 -0.158397
 -0.158397
 -0.158397
 -0.158397
 -0.158397
 -0.158397
 -0.185532
 -0.185532
 -0.185532
 -0.185532
 -0.185532
 -0.185532
 -0.185532
 -0.185532
 -0.185532
 -0.185532
 -0.185532
 -0.210500
 -0.210500
 -0.210500
 -0.210500
 -0.210500
 -0.210500
 -0.210500
 -0.210500
 -0.210500
 -0.237558
 -0.237558
 -0.237558
 -0.237558
 -0.237558
 -0.237558
 -0.237558
 -0.237558
 -0.237558
 -0.237558
 -0.254262
 -0.254262
 -0.254262
 -0.254262
 -0.254262
 -0.254262
 -0.254262
 -0.254262
 -0.254262
 -0.254262
 -0.289973
 -0.289973
 -0.289973
 -0.289973
 -0.289973
 -0.289973
 -0.289973
 -0.289973
 -0.289973
 -0.289973
 -0.315436
 -0.315436
 -0.315436
 -0.315436
 -0.315436
 -0.315436
 -0.315436
 -0.315436
 -0.315436
 -0.315436
 -0.334656
 -0.334656
 -0.334656
 -0.334656
 -0.334656
 -0.334656
 -0.334656
 -0.334656
 -0.334656
 -0.334656
 -0.360410
 -0.360410
 -0.360410
 -0.360410
 -0.360410
 -0.360410
 -0.360410
 -0.360410
 -0.360410
 -0.360410
 -0.386174
 -0.386174
 -0.386174
 -0.386174
 -0.386174
 -0.386174
 -0.386174
 -0.386174
 -0.386174
 -0.386174
 -0.422596
 -0.422596
 -0.422596
 -0.422596
 -0.422596
 -0.422596
 -0.422596
 -0.422596
 -0.422596
 -0.422596
 -0.441716
 -0.441716
 -0.441716
 -0.441716
 -0.441716
 -0.441716
 -0.441716
 -0.441716
 -0.441716
 -0.441716
 -0.475290
 -0.475290
 -0.475290
 -0.475290
 -0.475290
 -0.475290
 -0.475290
 -0.475290
 -0.475290
 -0.475290
 -0.502223
 -0.502223
 -0.502223
 -0.502223
 -0.502223
 -0.502223
 -0.502223
 -0.502223
 -0.502223
 -0.502223
 -0.526753
 -0.526753
 -0.526753
 -0.526753
 -0.526753
 -0.526753
 -0.526753
 -0.526753
 -0.526753
 -0.550901
 -0.550901
 -0.550901
 -0.550901
 -0.550901
 -0.550901
 -0.550901
 -0.550901
 -0.550901
 -0.550901
 -0.550901
 -0.568771
 -0.568771
 -0.568771
 -0.568771
 -0.568771
 -0.568771
 -0.568771
 -0.568771
 -0.568771
 -0.601817
 -0.601817
 -0.601817
 -0.601817
 -0.601817
 -0.601817
 -0.601817
 -0.601817
 -0.601817
 -0.601817
 -0.601817
 -0.624509
 -0.624509
 -0.624509
 -0.624509
 -0.624509
 -0.624509
 -0.624509
 -0.624509
 -0.624509
 -0.624509
 -0.648516
 -0.648516
 -0.648516
 -0.648516
 -0.648516
 -0.648516
 -0.648516
 -0.648516
 -0.648516
 -0.648516
 -0.669979
 -0.669979
 -0.669979
 -0.669979
 -0.669979
 -0.669979
 -0.669979
 -0.669979
 -0.669979
 -0.669979
 -0.690720
 -0.690720
 -0.690720
 -0.690720
 -0.690720
 -0.690720
 -0.690720
 -0.690720
 -0.690720
 -0.690720
 -0.705790
 -0.705790
 -0.705790
 -0.705790
 -0.705790
 -0.705790
 -0.705790
 -0.705790
 -0.705790
 -0.705790
 -0.733066
 -0.733066
 -0.733066
 -0.733066
 -0.733066
 -0.733066
 -0.733066
 -0.733066
 -0.733066
 -0.733066
 -0.751401
 -0.751401
 -0.751401
 -0.751401
 -0.751401
 -0.751401
 -0.751401
 -0.751401
 -0.751401
 -0.751401
 -0.770444
 -0.770444
 -0.770444
 -0.770444
 -0.770444
 -0.770444
 -0.770444
 -0.770444
 -0.770444
 -0.770444
 -0.787225
 -0.787225
 -0.787225
 -0.787225
 -0.787225
 -0.787225
 -0.787225
 -0.787225
 -0.787225
 -0.787225
 -0.803997
 -0.803997
 -0.803997
 -0.803997
 -0.803997
 -0.803997
 -0.803997
 -0.803997
 -0.803997
 -0.803997
 -0.820058
 -0.820058
 -0.820058
 -0.820058
 -0.820058
 -0.820058
 -0.820058
 -0.820058
 -0.820058
 -0.820058
 -0.833909
 -0.833909
 -0.833909
 -0.833909
 -0.833909
 -0.833909
 -0.833909
 -0.833909
 -0.833909
 -0.833909
 -0.846739
 -0.846739
 -0.846739
 -0.846739
 -0.846739
 -0.846739
 -0.846739
 -0.846739
 -0.846739
 -0.846739
 -0.859499
 -0.859499
 -0.859499
 -0.859499
 -0.859499
 -0.859499
 -0.859499
 -0.859499
 -0.859499
 -0.859499
 -0.871051
 -0.871051
 -0.871051
 -0.871051
 -0.871051
 -0.871051
 -0.871051
 -0.871051
 -0.871051
 -0.871051
 -0.880667
 -0.880667
 -0.880667
 -0.880667
 -0.880667
 -0.880667
 -0.880667
 -0.880667
 -0.880667
 -0.880667
 -0.889871
 -0.889871
 -0.889871
 -0.889871
 -0.889871
 -0.889871
 -0.889871
 -0.889871
 -0.894905
 -0.894905
 -0.894905
 -0.894905
 -0.894905
 -0.894905
 -0.894905
 -0.894905
 -0.894905
 -0.894905
 -0.894905
 -0.903832
 -0.903832
 -0.903832
 -0.903832
 -0.903832
 -0.903832
 -0.903832
 -0.903832
 -0.903832
 -0.909798
 -0.909798
 -0.909798
 -0.909798
 -0.909798
 -0.909798
 -0.909798
 -0.909798
 -0.909798
 -0.909798
 -0.909798
 -0.914633
 -0.914633
 -0.914633
 -0.914633
 -0.914633
 -0.914633
 -0.914633
 -0.914633
 -0.914633
 -0.918132
 -0.918132
 -0.918132
 -0.918132
 -0.918132
 -0.918132
 -0.918132
 -0.918132
 -0.918132
 -0.918132
 -0.920626
 -0.920626
 -0.920626
 -0.920626
 -0.920626
 -0.920626
 -0.920626
 -0.920626
 -0.920626
 -0.920626
 -0.920626
 -0.922196
 -0.922196
 -0.922196
 -0.922196
 -0.922196
 -0.922196
 -0.922196
 -0.922196
 -0.922196
 -0.922196
 -0.922474
 -0.922474
 -0.922474
 -0.922474
 -0.922474
 -0.922474
 -0.922474
 -0.922474
 -0.922474
 -0.921538
 -0.921538
 -0.921538
 -0.921538
 -0.921538
 -0.921538
 -0.921538
 -0.921538
 -0.921538
 -0.921538
 -0.919052
 -0.919052
 -0.919052
 -0.919052
 -0.919052
 -0.919052
 -0.919052
 -0.919052
 -0.919052
 -0.919052
 -0.919052
 -0.915444
 -0.915444
 -0.915444
 -0.915444
 -0.915444
 -0.915444
 -0.915444
 -0.915444
 -0.915444
 -0.915444
 -0.910684
 -0.910684
 -0.910684
 -0.910684
 -0.910684
 -0.910684
 -0.910684
 -0.910684
 -0.910684
 -0.910684
 -0.904181
 -0.904181
 -0.904181
 -0.904181
 -0.904181
 -0.904181
 -0.904181
 -0.904181
 -0.904181
 -0.904181
 -0.899488
 -0.899488
 -0.899488
 -0.899488
 -0.899488
 -0.899488
 -0.899488
 -0.899488
 -0.899488
 -0.887723
 -0.887723
 -0.887723
 -0.887723
 -0.887723
 -0.887723
 -0.887723
 -0.887723
 -0.887723
 -0.887723
 -0.877251
 -0.877251
 -0.877251
 -0.877251
 -0.877251
 -0.877251
 -0.877251
 -0.877251
 -0.877251
 -0.866533
 -0.866533
 -0.866533
 -0.866533
 -0.866533
 -0.866533
 -0.866533
 -0.866533
 -0.866533
 -0.866533
 -0.858927
 -0.858927
 -0.858927
 -0.858927
 -0.858927
 -0.858927
 -0.858927
 -0.858927
 -0.858927
 -0.858927
 -0.841300
 -0.841300
 -0.841300
 -0.841300
 -0.841300
 -0.841300
 -0.841300
 -0.841300
 -0.841300
 -0.841300
 -0.826904
 -0.826904
 -0.826904
 -0.826904
 -0.826904
 -0.826904
 -0.826904
 -0.826904
 -0.826904
 -0.826904
 -0.813113
 -0.813113
 -0.813113
 -0.813113
 -0.813113
 -0.813113
 -0.813113
 -0.813113
 -0.813113
 -0.797685
 -0.797685
 -0.797685
 -0.797685
 -0.797685
 -0.797685
 -0.797685
 -0.797685
 -0.797685
 -0.797685
 -0.783289
 -0.783289
 -0.783289
 -0.783289
 -0.783289
 -0.783289
 -0.783289
 -0.783289
 -0.783289
 -0.783289
 -0.767470
 -0.767470
 -0.767470
 -0.767470
 -0.767470
 -0.767470
 -0.767470
 -0.767470
 -0.767470
 -0.767470
 -0.753025
 -0.753025
 -0.753025
 -0.753025
 -0.753025
 -0.753025
 -0.753025
 -0.753025
 -0.753025
 -0.753025
 -0.738783
 -0.738783
 -0.738783
 -0.738783
 -0.738783
 -0.738783
 -0.738783
 -0.738783
 -0.738783
 -0.738783
 -0.723804
 -0.723804
 -0.723804
 -0.723804
 -0.723804
 -0.723804
 -0.723804
 -0.723804
 -0.723804
 -0.723804
 -0.714980
 -0.714980
 -0.714980
 -0.714980
 -0.714980
 -0.714980
 -0.714980
 -0.714980
 -0.714980
 -0.714980
 -0.697275
 -0.697275
 -0.697275
 -0.697275
 -0.697275
 -0.697275
 -0.697275
 -0.697275
 -0.697275
 -0.697275
 -0.685053
 -0.685053
 -0.685053
 -0.685053
 -0.685053
 -0.685053
 -0.685053
 -0.685053
 -0.685053
 -0.685053
 -0.675045
 -0.675045
 -0.675045
 -0.675045
 -0.675045
 -0.675045
 -0.675045
 -0.675045
 -0.675045
 -0.675045
 -0.669098
 -0.669098
 -0.669098
 -0.669098
 -0.669098
 -0.669098
 -0.669098
 -0.669098
 -0.669098
 -0.668992
 -0.658804
 -0.658804
 -0.658804
 -0.658804
 -0.658804
 -0.658804
 -0.658804
 -0.658804
 -0.658804
 -0.658804
 -0.653784
 -0.653784
 -0.653784
 -0.653784
 -0.653784
 -0.653784
 -0.653784
 -0.653784
 -0.653784
 -0.653784
 -0.650548
 -0.650548
 -0.650548
 -0.650548
 -0.650548
 -0.650548
 -0.650548
 -0.650548
 -0.650548
 -0.650548
 -0.649757
 -0.649757
 -0.649757
 -0.649757
 -0.649757
 -0.649757
 -0.649757
 -0.649757
 -0.649757
 -0.649757
 -0.650404
 -0.650404
 -0.650404
 -0.650404
 -0.650404
 -0.650404
 -0.650404
 -0.650404
 -0.650404
 -0.650404
 -0.652408
 -0.652408
 -0.652408
 -0.652408
 -0.652408
 -0.652408
 -0.652408
 -0.652408
 -0.652408
 -0.652408
 -0.655807
 -0.655807
 -0.655807
 -0.655807
 -0.655807
 -0.655807
 -0.655807
 -0.655807
 -0.655807
 -0.655807
 -0.659826
 -0.659826
 -0.659826
 -0.659826
 -0.659826
 -0.659826
 -0.659826
 -0.659826
 -0.659826
 -0.659826
 -0.664938
 -0.664938
 -0.664938
 -0.664938
 -0.664938
 -0.664938
 -0.664938
 -0.664938
 -0.664938
 -0.664938
 -0.670165
 -0.670165
 -0.670165
 -0.670165
 -0.670165
 -0.670165
 -0.670165
 -0.670165
 -0.670165
 -0.670165
 -0.673692
 -0.673692
 -0.673692
 -0.673692
 -0.673692
 -0.673692
 -0.673692
 -0.673692
 -0.673692
 -0.673692
 -0.681833
 -0.681833
 -0.681833
 -0.681833
 -0.681833
 -0.681833
 -0.681833
 -0.681833
 -0.681833
 -0.681833
 -0.681833
 -0.687988
 -0.687988
 -0.687988
 -0.687988
 -0.687988
 -0.687988
 -0.687988
 -0.687988
 -0.687988
 -0.693584
 -0.693584
 -0.693584
 -0.693584
 -0.693584
 -0.693584
 -0.693584
 -0.693584
 -0.693584
 -0.693584
 -0.699457
 -0.699457
 -0.699457
 -0.699457
 -0.699457
 -0.699457
 -0.699457
 -0.699457
 -0.699457
 -0.704696
 -0.704696
 -0.704696
 -0.704696
 -0.704696
 -0.704696
 -0.704696
 -0.704696
 -0.704696
 -0.704696
 -0.710098
 -0.710098
 -0.710098
 -0.710098
 -0.710098
 -0.710098
 -0.710098
 -0.710098
 -0.710098
 -0.710098
 -0.714765
 -0.714765
 -0.714765
 -0.714765
 -0.714765
 -0.714765
 -0.714765
 -0.714765
 -0.714765
 -0.714765
 -0.719416
 -0.719416
 -0.719416
 -0.719416
 -0.719416
 -0.719416
 -0.719416
 -0.719416
 -0.719416
 -0.719416
 -0.723117
 -0.723117
 -0.723117
 -0.723117
 -0.723117
 -0.723117
 -0.723117
 -0.723117
 -0.723117
 -0.723117
 -0.726356
 -0.726356
 -0.726356
 -0.726356
 -0.726356
 -0.726356
 -0.726356
 -0.726356
 -0.726356
 -0.726356
 -0.728499
 -0.728499
 -0.728499
 -0.728499
 -0.728499
 -0.728499
 -0.728499
 -0.728499
 -0.728499
 -0.728499
 -0.729452
 -0.729452
 -0.729452
 -0.729452
 -0.729452
 -0.729452
 -0.729452
 -0.729452
 -0.729769
 -0.729769
 -0.729769
 -0.729769
 -0.729769
 -0.729769
 -0.729769
 -0.729769
 -0.729769
 -0.729769
 -0.729769
 -0.728394
 -0.728394
 -0.728394
 -0.728394
 -0.728394
 -0.728394
 -0.728394
 -0.728394
 -0.728394
 -0.728394
 -0.725737
 -0.725737
 -0.725737
 -0.725737
 -0.725737
 -0.725737
 -0.725737
 -0.725737
 -0.725737
 -0.725737
 -0.723133
 -0.723133
 -0.723133
 -0.723133
 -0.723133
 -0.723133
 -0.723133
 -0.723133
 -0.723133
 -0.723133
 -0.715533
 -0.715533
 -0.715533
 -0.715533
 -0.715533
 -0.715533
 -0.715533
 -0.715533
 -0.715533
 -0.715533
 -0.707575
 -0.707575
 -0.707575
 -0.707575
 -0.707575
 -0.707575
 -0.707575
 -0.707575
 -0.707575
 -0.707575
 -0.698722
 -0.698722
 -0.698722
 -0.698722
 -0.698722
 -0.698722
 -0.698722
 -0.698722
 -0.698722
 -0.698722
 -0.692058
 -0.692058
 -0.692058
 -0.692058
 -0.692058
 -0.692058
 -0.692058
 -0.692058
 -0.692058
 -0.692058
 -0.676686
 -0.676686
 -0.676686
 -0.676686
 -0.676686
 -0.676686
 -0.676686
 -0.676686
 -0.676686
 -0.676686
 -0.667971
 -0.667971
 -0.667971
 -0.667971
 -0.667971
 -0.667971
 -0.667971
 -0.667971
 -0.667971
 -0.667971
 -0.655893
 -0.655893
 -0.655893
 -0.655893
 -0.655893
 -0.655893
 -0.655893
 -0.655893
 -0.655893
 -0.655893
 -0.636893
 -0.636893
 -0.636893
 -0.636893
 -0.636893
 -0.636893
 -0.636893
 -0.636893
 -0.636893
 -0.636893
 -0.636893
 -0.621602
 -0.621602
 -0.621602
 -0.621602
 -0.621602
 -0.621602
 -0.621602
 -0.621602
 -0.621602
 -0.602797
 -0.602797
 -0.602797
 -0.602797
 -0.602797
 -0.602797
 -0.602797
 -0.602797
 -0.602797
 -0.583211
 -0.583211
 -0.583211
 -0.583211
 -0.583211
 -0.583211
 -0.583211
 -0.583211
 -0.583211
 -0.583211
 -0.583211
 -0.559683
 -0.559683
 -0.559683
 -0.559683
 -0.559683
 -0.559683
 -0.559683
 -0.559683
 -0.559683
 -0.559683
 -0.536179
 -0.536179
 -0.536179
 -0.536179
 -0.536179
 -0.536179
 -0.536179
 -0.536179
 -0.536179
 -0.536179
 -0.517619
 -0.517619
 -0.517619
 -0.517619
 -0.517619
 -0.517619
 -0.517619
 -0.517619
 -0.517619
 -0.517619
 -0.482556
 -0.482556
 -0.482556
 -0.482556
 -0.482556
 -0.482556
 -0.482556
 -0.482556
 -0.482556
 -0.482556
 -0.455659
 -0.455659
 -0.455659
 -0.455659
 -0.455659
 -0.455659
 -0.455659
 -0.455659
 -0.455659
 -0.455659
 -0.426162
 -0.426162
 -0.426162
 -0.426162
 -0.426162
 -0.426162
 -0.426162
 -0.426162
 -0.426162
 -0.426162
 -0.396910
 -0.396910
 -0.396910
 -0.396910
 -0.396910
 -0.396910
 -0.396910
 -0.396910
 -0.396910
 -0.396910
 -0.370869
 -0.370869
 -0.370869
 -0.370869
 -0.370869
 -0.370869
 -0.370869
 -0.370869
 -0.370869
 -0.370869
 -0.343648
 -0.343648
 -0.343648
 -0.343648
 -0.343648
 -0.343648
 -0.343648
 -0.343648
 -0.343648
 -0.319453
 -0.319453
 -0.319453
 -0.319453
 -0.319453
 -0.319453
 -0.319453
 -0.319453
 -0.319453
 -0.319453
 -0.319453
 -0.294065
 -0.294065
 -0.294065
 -0.294065
 -0.294065
 -0.294065
 -0.294065
 -0.294065
 -0.294065
 -0.294065
 -0.271141
 -0.271141
 -0.271141
 -0.271141
 -0.271141
 -0.271141
 -0.271141
 -0.271141
 -0.271141
 -0.271141
 -0.246711
 -0.246711
 -0.246711
 -0.246711
 -0.246711
 -0.246711
 -0.246711
 -0.246711
 -0.246711
 -0.246711
 -0.224645
 -0.224645
 -0.224645
 -0.224645
 -0.224645
 -0.224645
 -0.224645
 -0.224645
 -0.224645
 -0.224645
 -0.217422
 -0.217422
 -0.217422
 -0.217422
 -0.217422
 -0.217422
 -0.217422
 -0.217422
 -0.217422
 -0.217422
 -0.187532
 -0.187532
 -0.187532
 -0.187532
 -0.187532
 -0.187532
 -0.187532
 -0.187532
 -0.187532
 -0.187532
 -0.158764
 -0.158764
 -0.158764
 -0.158764
 -0.158764
 -0.158764
 -0.158764
 -0.158764
 -0.158764
 -0.158764
 -0.138909
 -0.138909
 -0.138909
 -0.138909
 -0.138909
 -0.138909
 -0.138909
 -0.138909
 -0.138909
 -0.138909
 -0.117595
 -0.117595
 -0.117595
 -0.117595
 -0.117595
 -0.117595
 -0.117595
 -0.117595
 -0.117595
 -0.104498
 -0.104498
 -0.104498
 -0.104498
 -0.104498
 -0.104498
 -0.104498
 -0.104498
 -0.104498
 -0.104498
 -0.084776
 -0.084776
 -0.084776
 -0.084776
 -0.084776
 -0.084776
 -0.084776
 -0.084776
 -0.084776
 -0.056296
 -0.056296
 -0.056296
 -0.056296
 -0.056296
 -0.056296
 -0.056296
 -0.056296
 -0.056296
 -0.056296
 -0.056296
 -0.034000
 -0.034000
 -0.034000
 -0.034000
 -0.034000
 -0.034000
 -0.034000
 -0.034000
 -0.034000
 -0.034000
 -0.012973
 -0.012973
 -0.012973
 -0.012973
 -0.012973
 -0.012973
 -0.012973
 -0.012973
 -0.012973
 -0.012973
 0.010292
 0.010292
 0.010292
 0.010292
 0.010292
 0.010292
 0.010292
 0.010292
 0.010292
 0.024842
 0.024842
 0.024842
 0.024842
 0.024842
 0.024842
 0.024842
 0.024842
 0.024842
 0.024842
 0.024842
 0.056285
 0.056285
 0.056285
 0.056285
 0.056285
 0.056285
 0.056285
 0.056285
 0.056285
 0.056285
 0.071314
 0.071314
 0.071314
 0.071314
 0.071314
 0.071314
 0.071314
 0.071314
 0.071314
 0.071314
 0.103757
 0.103757
 0.103757
 0.103757
 0.103757
 0.103757
 0.103757
 0.103757
 0.103757
 0.103757
 0.126990
 0.126990
 0.126990
 0.126990
 0.126990
 0.126990
 0.126990
 0.126990
 0.126990
 0.126990
 0.152352
 0.152352
 0.152352
 0.152352
 0.152352
 0.152352
 0.152352
 0.152352
 0.152352
 0.152352
 0.175946
 0.175946
 0.175946
 0.175946
 0.175946
 0.175946
 0.175946
 0.175946
 0.175946
 0.175946
 0.201755
 0.201755
 0.201755
 0.201755
 0.201755
 0.201755
 0.201755
 0.201755
 0.201755
 0.201755
 0.225887
 0.225887
 0.225887
 0.225887
 0.225887
 0.225887
 0.225887
 0.225887
 0.225887
 0.225887
 0.252508
 0.252508
 0.252508
 0.252508
 0.252508
 0.252508
 0.252508
 0.252508
 0.252508
 0.252508
 0.277532
 0.277532
 0.277532
 0.277532
 0.277532
 0.277532
 0.277532
 0.277532
 0.277532
 0.277532
 0.296479
 0.296479
 0.296479
 0.296479
 0.296479
 0.296479
 0.296479
 0.296479
 0.296479
 0.296479
 0.330244
 0.330244
 0.330244
 0.330244
 0.330244
 0.330244
 0.330244
 0.330244
 0.330244
 0.330244
 0.357183
 0.357183
 0.357183
 0.357183
 0.357183
 0.357183
 0.357183
 0.357183
 0.357183
 0.357183
 0.381222
 0.381222
 0.381222
 0.381222
 0.381222
 0.381222
 0.381222
 0.381222
 0.381222
 0.405662
 0.405662
 0.405662
 0.405662
 0.405662
 0.405662
 0.405662
 0.405662
 0.405662
 0.405662
 0.405662
 0.426274
 0.426274
 0.426274
 0.426274
 0.426274
 0.426274
 0.426274
 0.426274
 0.426274
 0.446221
 0.446221
 0.446221
 0.446221
 0.446221
 0.446221
 0.446221
 0.446221
 0.446221
 0.446221
 0.446221
 0.462252
 0.462252
 0.462252
 0.462252
 0.462252
 0.462252
 0.462252
 0.462252
 0.462252
 0.473579
 0.473579
 0.473579
 0.473579
 0.473579
 0.473579
 0.473579
 0.473579
 0.473579
 0.473579
 0.473579
 0.492117
 0.492117
 0.492117
 0.492117
 0.492117
 0.492117
 0.492117
 0.492117
 0.492117
 0.492117
 0.506183
 0.506183
 0.506183
 0.506183
 0.506183
 0.506183
 0.506183
 0.506183
 0.506183
 0.506183
 0.514579
 0.514579
 0.514579
 0.514579
 0.514579
 0.514579
 0.514579
 0.514579
 0.514579
 0.532185
 0.532185
 0.532185
 0.532185
 0.532185
 0.532185
 0.532185
 0.532185
 0.532185
 0.532185
 0.532185
 0.540479
 0.540479
 0.540479
 0.540479
 0.540479
 0.540479
 0.540479
 0.540479
 0.540479
 0.540458
 0.558324
 0.558324
 0.558324
 0.558324
 0.558324
 0.558324
 0.558324
 0.558324
 0.558324
 0.558324
 0.571230
 0.571230
 0.571230
 0.571230
 0.571230
 0.571230
 0.571230
 0.571230
 0.585517
 0.585517
 0.585517
 0.585517
 0.585517
 0.585517
 0.585517
 0.585517
 0.585517
 0.585517
 0.585517
 0.599128
 0.599128
 0.599128
 0.599128
 0.599128
 0.599128
 0.599128
 0.599128
 0.599128
 0.609640
 0.609640
 0.609640
 0.609640
 0.609640
 0.609640
 0.609640
 0.609640
 0.609640
 0.609640
 0.629012
 0.629012
 0.629012
 0.629012
 0.629012
 0.629012
 0.629012
 0.629012
 0.629012
 0.629012
 0.629012
 0.640339
 0.640339
 0.640339
 0.640339
 0.640339
 0.640339
 0.640339
 0.640339
 0.640339
 0.661406
 0.661406
 0.661406
 0.661406
 0.661406
 0.661406
 0.661406
 0.661406
 0.661406
 0.661406
 0.661406
 0.673946
 0.673946
 0.673946
 0.673946
 0.673946
 0.673946
 0.673946
 0.673946
 0.673946
 0.673946
 0.697886
 0.697886
 0.697886
 0.697886
 0.697886
 0.697886
 0.697886
 0.697886
 0.697886
 0.697886
 0.719192
 0.719192
 0.719192
 0.719192
 0.719192
 0.719192
 0.719192
 0.719192
 0.719192
 0.740520
 0.740520
 0.740520
 0.740520
 0.740520
 0.740520
 0.740520
 0.740520
 0.740520
 0.740520
 0.765760
 0.765760
 0.765760
 0.765760
 0.765760
 0.765760
 0.765760
 0.765760
 0.765760
 0.765760
 0.765760
 0.791330
 0.791330
 0.791330
 0.791330
 0.791330
 0.791330
 0.791330
 0.791330
 0.791330
 0.791330
 0.821675
 0.821675
 0.821675
 0.821675
 0.821675
 0.821675
 0.821675
 0.821675
 0.821675
 0.821675
 0.844376
 0.844376
 0.844376
 0.844376
 0.844376
 0.844376
 0.844376
 0.844376
 0.844376
 0.844376
 0.844376
 0.844376
 0.844376
 0.844376
 0.844376
 0.844376
 0.844376
 0.844376
 0.844376
 0.844376
 0.844376
 0.844376
 0.844376
 0.844376
 0.844376
 0.844376
 0.844376
 0.844376
 0.844376
 0.844376
 0.844376
 0.844376
 0.844376
 0.844376
 0.844376
 0.844376
 0.844376
 0.844376
 0.844376
 0.844376
 0.844376
 0.844376
 0.844376
 0.844376
 0.844376
 0.844376
 0.844376
 0.844376
 0.844376
 0.844376
 0.844376
 0.844376
 0.844376
 0.844376
 0.844376
 0.844376
 0.844376
 0.844376
 0.844376
 0.844376
 0.844376
 0.844376
 0.844376
 0.844376
 0.844376
 0.844376
 0.844376
 0.844376
 0.844376
 0.844376
 0.844376
 0.844376
 0.844376
 0.844376
 0.844376
 0.844376
 0.844376
 0.844376
 0.844376
 0.844376
 0.844376
 0.844376
 0.844376
 0.844376
 0.844376
 0.844376
 0.844376
 0.844376
 0.844376
 0.844376
 0.844376
 0.844376
 0.844376
 0.844376
 0.844376
 0.844376
 0.844376
 0.844376
 0.844376
 0.844376
 0.844376
 0.844376
 0.844376
 0.844376
 0.844376
 0.844376
 0.844376
 0.844376
 0.844376
 0.844376
 0.844376
 0.844376
 0.844376
 0.844376
 0.844376
 0.844376
 0.844376
 0.844376
 0.844376
 0.844376
 0.844376
 0.844376
 0.844376
 0.844376
 0.844376
 0.844376
 0.844376
 0.844376
 0.844376
 0.844376
 0.844376
 0.844376
 0.844376
 0.844376
 0.844376
 0.844376
 0.844376
 0.844376
 0.844376
 0.844376
 0.844376
 0.844376
 0.844376
 0.844376
 0.844376
 0.844376
 0.844376
 0.844376
 0.844376
 0.844376
 0.844376
 0.844376
 0.844376
 0.844376
 0.844376
 0.844376
 0.844376
 0.844376
 0.844376
 0.844376
 0.844376
 0.844376
 0.844376
 0.844376
 0.844376
 0.844376
 0.844376
 0.844376
 0.844376
 0.844376
 0.844376
 0.844376
 0.844376
 0.844376
 0.844376
 0.844376
 0.844376
 0.844376
 0.844376
 0.844376
 0.844376
 0.844376
 0.844376
 0.844376
 0.844376
 0.844376
 0.844376
 0.844376
 0.844376
 0.844376
 0.844376
 0.844376
 0.844376
 0.844376
 0.844376
 0.844376
 0.844376
 0.844376
 0.844376
 0.844376
 0.844376
 0.844376
 0.844376
 0.844376
 0.844376
 0.844376
 0.844376
 0.844376
 0.844376
 0.844376
 0.844376
 0.844376
 0.844376
 0.844376
 0.844376
 0.844376
 0.844376
 0.844376
 0.844376
 0.844376
 0.844376
 0.844376
 0.844376
 0.844376
 0.844376
 0.844376
 0.844376
 0.844376
 0.844376
 0.844376
 0.844376
 0.844376
 0.844376
 0.844376
 0.844376
 0.844376
 0.844376
 0.844376
 0.844376
 0.844376
 0.844376
 0.844376
 0.844376
 0.844376
 0.844376
 0.844376
 0.844376
 0.844376
 0.844376
 0.844376
 0.844376
 0.844376
 0.844376
 0.844376
 0.844376
 0.844376
 0.844376
 0.844376
 0.844376
 0.844376
 0.844376
 0.844376
 0.844376
 0.844376
 0.844376
 0.844376
 0.844376
 0.844376
 0.844376
 0.844376
 0.844376
 0.844376
 0.844376
 0.844376
 0.844376
 0.844376
 0.844376
 0.844376
 0.844376
 0.844376
 0.844376
 0.844376
 0.844376
 0.844376
 0.844376
 0.844376
 0.844376
 0.844376
 0.844376
 0.844376
 0.844376
 0.844376
 0.844376
 0.844376
 0.844376
 0.844376
 0.844376
 0.844376
 0.844376
 0.844376
 0.844376
 0.844376
 0.844376
 0.844376
 0.844376
 0.844376
 0.844376
 0.844376
 0.844376
 0.844376
 0.844376
 0.844376
 0.844376
 0.844376
 0.844376
 0.844376
 0.844376
 0.844376
 0.844376
 0.844376
 0.844376
 0.844376
 0.844376
 0.844376
 0.844376
 0.844376
 0.844376
 0.844376
 0.844376
 0.844376
 0.844376
 0.844376
 0.844376
 0.844376
 0.844376
 0.844376
 0.844376
 0.844376
 0.844376
 0.844376
 0.844376
 0.844376
 0.844376
 0.844376
 0.844376
 0.844376
 0.844376
 0.844376
 0.844376
 0.844376
 0.844376
 0.844376
 0.844376
 0.844376
 0.844376
 0.844376
 0.844376
 0.844376
 0.844376
 0.844376
 0.844376
 0.844376
 0.844376
 0.844376
 0.844376
 0.844376
 0.844376
 0.844376
 0.844376
 0.844376
 0.844376
 0.844376
 0.844376
 0.844376
 0.844376
 0.844376
 0.844376
 0.844376
 0.844376
 0.844376
 0.844376
 0.844376
 0.844376
 0.844376
 0.844376
 0.844376
 0.844376
 0.844376
 0.844376
 0.844376
 0.844376
 0.844376
 0.844376
 0.844376
 0.844376
 0.844376
 0.844376
 0.844376
 0.844376
 0.844376
 0.844376
 0.844376
 0.844376
 0.844376
 0.844376
 0.844376
 0.844376
 0.844376
 0.844376
 0.844376
 0.844376
 0.844376
 0.844376
 0.844376
 0.844376
 0.844376
 0.844376
 0.844376
 0.844376
 0.844376
 0.844376
 0.844376
 0.844376
 0.844376
 0.844376
 0.844376
 0.844376
 0.844376
 0.844376
 0.844376
 0.844376
 0.844376
 0.844376
 0.844376
 0.844376
 0.844376
 0.844376
 0.844376
 0.844376
 0.844376
 0.844376
 0.844376
 0.844376
 0.844376
 0.844376
 0.844376
 0.844376
 0.844376
 0.844376
 0.844376
 0.844376
 0.844376
 0.844376
 0.844376
 0.844376
 0.844376
 0.844376
 0.844376
 0.844376
 0.844376
 0.844376
 0.844376
 0.844376
 0.844376
 0.844376
 0.844376
 0.844376
 0.844376
 0.844376
 0.844376
 0.844376
 0.844376
 0.844376
 0.844376
 0.844376
 0.844376
 0.844376
 0.844376
 0.844376
 0.844376
 0.844376
 0.844376
 0.844376
 0.844376
 0.844376
 0.844376
 0.844376
 0.844376
 0.844376
 0.844376
 0.844376
 0.844376
 0.844376
 0.844376
 0.844376
 0.844376
 0.844376
 0.844376
 0.844376
 0.844376
 0.844376
 0.844376
 0.844376
 0.844376
 0.844376
 0.844376
 0.844376
 0.844376
 0.844376
 0.844376
 0.844376
 0.844376
 0.844376
 0.844376
 0.844376
 0.844376
 0.844376
 0.844376
 0.844376
 0.844376
 0.844376
 0.844376
 0.844376
 0.844376
 0.844376
 0.844376
 0.844376
 0.844376
 0.844376
 0.844376
 0.844376
 0.844376
 0.844376
 0.844376
 0.844376
 0.844376
 0.844376
 0.844376
 0.844376
 0.844376
 0.844376
 0.844376
 0.844376
 0.844376
 0.844376
 0.844376
 0.844376
 0.844376
 0.844376
 0.844376
 0.844376
 0.844376
 0.844376
 0.844376
 0.844376
 0.844376
 0.844376
 0.844376
 0.844376
 0.844376
 0.844376
 0.844376
 0.844376
 0.844376
 0.844376
 0.844376
 0.844376
 0.844376
 0.844376
 0.844376
 0.844376
 0.844376
 0.844376
 0.844376
 0.844376
 0.844376
 0.844376
 0.844376
 0.844376
 0.844376
 0.844376
 0.844376
 0.844376
 0.844376
 0.844376
 0.844376
 0.844376
 0.844376
 0.844376
 0.844376
 0.844376
 0.844376
 0.844376
 0.844376
 0.844376
 0.844376
 0.844376
 0.844376
 0.844376
 0.844376
 0.844376
 0.844376
 0.844376
 0.844376
 0.844376
 0.844376
 0.844376
 0.844376
 0.844376
 0.844376
 0.844376
 0.844376
 0.844376
 0.844376
 0.844376
 0.844376
 0.844376
 0.844376
 0.844376
 0.844376
 0.844376
 0.844376
 0.844376
 0.844376
 0.844376
 0.844376
 0.844376
 0.844376
 0.844376
 0.844376
 0.844376
 0.844376
 0.844376
 0.844376
 0.844376
 0.844376
 0.844376
 0.844376
 0.844376
 0.844376
 0.844376
 0.844376
 0.844376
 0.844376
 0.844376
 0.844376
 0.844376
 0.844376
 0.844376
 0.844376
 0.844376
 0.844376
 0.844376
 0.844376
 0.844376
 0.844376
 0.844376
 0.844376
 0.844376
 0.844376
 0.844376
 0.844376
 0.844376
 0.844376
 0.844376
 0.844376
 0.844376
 0.844376
 0.844376
 0.844376
 0.844376
 0.844376
 0.844376
 0.844376
 0.844376
 0.844376
 0.844376
 0.844376
 0.844376
 0.844376
 0.844376
 0.844376
 0.844376
 0.844376
 0.844376
 0.844376
 0.844376
 0.844376
 0.844376
 0.844376
 0.844376
 0.844376
 0.844376
 0.844376
 0.844376
 0.844376
 0.844376
 0.844376
 0.844376
 0.844376
 0.844376
 0.844376
 0.844376
 0.844376
 0.844376
 0.844376
 0.844376
 0.844376
 0.844376
 0.844376
 0.844376
 0.844376
 0.844376
 0.844376
 0.844376
 0.844376
 0.844376
 0.844376
 0.844376
 0.844376
 0.844376
 0.844376
 0.844376
 0.844376
 0.844376
 0.844376
 0.844376
 0.844376
 0.844376
 0.844376
 0.844376
 0.844376
 0.844376
 0.844376
 0.844376
 0.844376
 0.844376
 0.844376
 0.844376
 0.844376
 0.844376
 0.844376
 0.844376
 0.844376
 0.844376
 0.844376
 0.844376
 0.844376
 0.844376
 0.844376
 0.844376
 0.844376
 0.844376
 0.844376
 0.844376
 0.844376
 0.844376
 0.844376
 0.844376
 0.844376
 0.844376
 0.844376
 0.844376
 0.844376
 0.844376
 0.844376
 0.844376
 0.844376
 0.844376
 0.844376
 0.844376
 0.844376
 0.844376
 0.844376
 0.844376
 0.844376
 0.844376
 0.844376
 0.844376
 0.844376
 0.844376
 0.844376
 0.844376
 0.844376
 0.844376
 0.844376
 0.844376
 0.844376
 0.844376
 0.844376
 0.844376
 0.844376
 0.844376
 0.844376
 0.844376
 0.844376
 0.844376
 0.844376
 0.844376
 0.844376
 0.844376
 0.844376
 0.844376
 0.844376
 0.844376
 0.844376
 0.844376
 0.844376
 0.844376
 0.844376
 0.844376
 0.844376
 0.844376
 0.844376
 0.844376
 0.844376
 0.844376
 0.844376
 0.844376
 0.844376
 0.844376
 0.844376
 0.844376
 0.844376
 0.844376
 0.844376
 0.844376
 0.844376
 0.844376
 0.844376
 0.844376
 0.844376
 0.844376
 0.844376
 0.844376
 0.844376
 0.844376
 0.844376
 0.844376
 0.844376
 0.844376
 0.844376
 0.844376
 0.844376
 0.844376
 0.844376
 0.844376
 0.844376
 0.844376
 0.844376
 0.844376
 0.844376
 0.844376
 0.844376
 0.844376
 0.844376
 0.844376
 0.844376
 0.844376
 0.844376
 0.844376
 0.844376
 0.844376
 0.844376
 0.844376
 0.844376
 0.844376
 0.844376
 0.844376
 0.844376
 0.844376
 0.844376
 0.844376
 0.844376
 0.844376
 0.844376
 0.844376
 0.844376
 0.844376
 0.844376
 0.844376
 0.844376
 0.844376
 0.844376
 0.844376
 0.844376
 0.844376
 0.844376
 0.844376
 0.844376
 0.844376
 0.844376
 0.844376
 0.844376
 0.844376
 0.844376
 0.844376
 0.844376
 0.844376
 0.844376
 0.844376
 0.844376
 0.844376
 0.844376
 0.844376
 0.844376
 0.844376
 0.844376
 0.844376
 0.844376
 0.844376
 0.844376
 0.844376
 0.844376
 0.844376
 0.844376
 0.844376
 0.844376
 0.844376
 0.844376
 0.844376
 0.844376
 0.844376
 0.844376
 0.844376
 0.844376
 0.844376
 0.844376
 0.844376
 0.844376
 0.844376
 0.844376
 0.844376
 0.844376
 0.844376
 0.844376
 0.844376
 0.844376
 0.844376
 0.844376
 0.844376
 0.844376
 0.844376
 0.844376
 0.844376
 0.844376
 0.844376
 0.844376
 0.844376
 0.844376
 0.844376
 0.844376
 0.844376
 0.844376
 0.844376
 0.844376
 0.844376
 0.844376
 0.844376
 0.844376
 0.844376
 0.844376
 0.844376
 0.844376
 0.844376
 0.844376
 0.844376
 0.844376
 0.844376
 0.844376
 0.844376
 0.844376
 0.844376
 0.844376
 0.844376
 0.844376
 0.844376
 0.844376
 0.844376
 0.844376
 0.844376
 0.844376
 0.844376
 0.844376
 0.844376
 0.844376
 0.844376
 0.844376
 0.844376
 0.844376
 0.844376
 0.844376
 0.844376
 0.844376
 0.844376
 0.844376
 0.844376
 0.844376
 0.844376
 0.844376
 0.844376
 0.844376
 0.844376
 0.844376
 0.844376
 0.844376
 0.844376
 0.844376
 0.844376
 0.844376
 0.844376
 0.844376
 0.844376
 0.844376
 0.844376
 0.844376
 0.844376
 0.844376
 0.844376
 0.844376
 0.844376
 0.844376
 0.844376
 0.844376
 0.844376
 0.844376
 0.844376
 0.844376
 0.844376
 0.844376
 0.844376
 0.844376
 0.844376
 0.844376
 0.844376
 0.844376
 0.844376
 0.844376
 0.844376
 0.844376
 0.844376
 0.844376
 0.844376
 0.844376
 0.844376
 0.844376
 0.844376
 0.844376
 0.844376
 0.844376
 0.844376
 0.844376
 0.844376
 0.844376
 0.844376
 0.844376
 0.844376
 0.844376
 0.844376
 0.844376
 0.844376
 0.844376
 0.844376
 0.844376
 0.844376
 0.844376
 0.844376
 0.844376
 0.844376
 0.844376
 0.844376
 0.844376
 0.844376
 0.844376
 0.844376
 0.844376
 0.844376
 0.844376
 0.844376
 0.844376
 0.844376
 0.844376
 0.844376
 0.844376
 0.844376
 0.844376
 0.844376
 0.844376
 0.844376
 0.844376
 0.844376
 0.844376
 0.844376
 0.844376
 0.844376
 0.844376
 0.844376
 0.844376
 0.844376
 0.844376
 0.844376
 0.844376
 0.844376
 0.844376
 0.844376
 0.844376
 0.844376
 0.844376
 0.844376
 0.844376
 0.844376
 0.844376
 0.844376
 0.844376
 0.844376
 0.844376
 0.844376
 0.844376
 0.844376
 0.844376
 0.844376
 0.844376
 0.844376
 0.844376
 0.844376
 0.844376
 0.844376
 0.844376
 0.844376
 0.844376
 0.844376
 0.844376
 0.844376
 0.844376
 0.844376
 0.844376
 0.844376
 0.844376
 0.844376
 0.844376
 0.844376
 0.844376
 0.844376
 0.844376
 0.844376
 0.844376
 0.844376
 0.844376
 0.844376
 0.844376
 0.844376
 0.844376
 0.844376
 0.844376
 0.844376
 0.844376
 0.844376
 0.844376
 0.844376
 0.844376
 0.844376
 0.844376
 0.844376
 0.844376
 0.844376
 0.844376
 0.844376
 0.844376
 0.844376
 0.844376
 0.844376
 0.844376
 0.844376
 0.844376
 0.844376
 0.844376
 0.844376
 0.844376
 0.844376
 0.844376
 0.844376
 0.844376
 0.844376
 0.844376
 0.844376
 0.844376
 0.844376
 0.844376
 0.844376
 0.844376
 0.844376
 0.844376
 0.844376
 0.844376
 0.844376
 0.844376
 0.844376
 0.844376
 0.844376
 0.844376
 0.844376
 0.844376
 0.844376
 0.844376
 0.844376
 0.844376
 0.844376
 0.844376
 0.844376
 0.844376
 0.844376
 0.844376
 0.844376
 0.844376
 0.844376
 0.844376
 0.844376
 0.844376
 0.844376
 0.844376
 0.844376
 0.844376
 0.844376
 0.844376
 0.844376
 0.844376
 0.844376
 0.844376
 0.844376
 0.844376
 0.844376
 0.844376
 0.844376
 0.844376
 0.844376
 0.844376
 0.844376
 0.844376
 0.844376
 0.844376
 0.844376
 0.844376
 0.844376
 0.844376
 0.844376
 0.844376
 0.844376
 0.844376
 0.844376
 0.844376
 0.844376
 0.844376
 0.844376
 0.844376
 0.844376
 0.844376
 0.844376
 0.844376
 0.844376
 0.844376
 0.844376
 0.844376
 0.844376
 0.844376
 0.844376
 0.844376
 0.844376
 0.844376
 0.844376
 0.844376
 0.844376
 0.844376
 0.844376
 0.844376
 0.844376
 0.844376
 0.844376
 0.844376
 0.844376
 0.844376
 0.844376
 0.844376
 0.844376
 0.844376
 0.844376
 0.844376
 0.844376
 0.844376
 0.844376
 0.844376
 0.844376
 0.844376
 0.844376
 0.844376
 0.844376
 0.844376
 0.844376
 0.844376
 0.844376
 0.844376
 0.844376
 0.844376
 0.844376
 0.844376
 0.844376
 0.844376
 0.844376
 0.844376
 0.844376
 0.844376
 0.844376
 0.844376
 0.844376
 0.844376
 0.844376
 0.844376
 0.844376
 0.844376
 0.844376
 0.844376
 0.844376
 0.844376
 0.844376
 0.844376
 0.844376
 0.844376
 0.844376
 0.844376
 0.844376
 0.844376
 0.844376
 0.833662
 0.833662
 0.833662
 0.833662
 0.833662
 0.833662
 0.833662
 0.833662
 0.833662
 0.833662
 0.811867
 0.811867
 0.811867
 0.811867
 0.811867
 0.811867
 0.811867
 0.811867
 0.811867
 0.811867
 0.791770
 0.791770
 0.791770
 0.791770
 0.791770
 0.791770
 0.791770
 0.791770
 0.791770
 0.791770
 0.770027
 0.770027
 0.770027
 0.770027
 0.770027
 0.770027
 0.770027
 0.770027
 0.770027
 0.770027
 0.749963
 0.749963
 0.749963
 0.749963
 0.749963
 0.749963
 0.749963
 0.749963
 0.749963
 0.749963
 0.728176
 0.728176
 0.728176
 0.728176
 0.728176
 0.728176
 0.728176
 0.728176
 0.728176
 0.728176
 0.714747
 0.714747
 0.714747
 0.714747
 0.714747
 0.714747
 0.714747
 0.714747
 0.714747
 0.714747
 0.685941
 0.685941
 0.685941
 0.685941
 0.685941
 0.685941
 0.685941
 0.685941
 0.685941
 0.685941
 0.665911
 0.665911
 0.665911
 0.665911
 0.665911
 0.665911
 0.665911
 0.665911
 0.665911
 0.665911
 0.644249
 0.644249
 0.644249
 0.644249
 0.644249
 0.644249
 0.644249
 0.644249
 0.644249
 0.644249
 0.624348
 0.624348
 0.624348
 0.624348
 0.624348
 0.624348
 0.624348
 0.624348
 0.624348
 0.624348
 0.602815
 0.602815
 0.602815
 0.602815
 0.602815
 0.602815
 0.602815
 0.602815
 0.602815
 0.602815
 0.582978
 0.582978
 0.582978
 0.582978
 0.582978
 0.582978
 0.582978
 0.582978
 0.582978
 0.561500
 0.561500
 0.561500
 0.561500
 0.561500
 0.561500
 0.561500
 0.561500
 0.561500
 0.561500
 0.561500
 0.541734
 0.541734
 0.541734
 0.541734
 0.541734
 0.541734
 0.541734
 0.541734
 0.541734
 0.541734
 0.520373
 0.520373
 0.520373
 0.520373
 0.520373
 0.520373
 0.520373
 0.520373
 0.520373
 0.520373
 0.500748
 0.500748
 0.500748
 0.500748
 0.500748
 0.500748
 0.500748
 0.500748
 0.500748
 0.500748
 0.479546
 0.479546
 0.479546
 0.479546
 0.479546
 0.479546
 0.479546
 0.479546
 0.479546
 0.479546
 0.459978
 0.459978
 0.459978
 0.459978
 0.459978
 0.459978
 0.459978
 0.459978
 0.459978
 0.459978
 0.445323
 0.445323
 0.445323
 0.445323
 0.445323
 0.445323
 0.445323
 0.445323
 0.445323
 0.425693
 0.425693
 0.425693
 0.425693
 0.425693
 0.425693
 0.425693
 0.425693
 0.425693
 0.425693
 0.425693
 0.397980
 0.397980
 0.397980
 0.397980
 0.397980
 0.397980
 0.397980
 0.397980
 0.397980
 0.397980
 0.378453
 0.378453
 0.378453
 0.378453
 0.378453
 0.378453
 0.378453
 0.378453
 0.378453
 0.378453
 0.357355
 0.357355
 0.357355
 0.357355
 0.357355
 0.357355
 0.357355
 0.357355
 0.357355
 0.357355
 0.337960
 0.337960
 0.337960
 0.337960
 0.337960
 0.337960
 0.337960
 0.337960
 0.337960
 0.337960
 0.325067
 0.325067
 0.325067
 0.325067
 0.325067
 0.325067
 0.325067
 0.325067
 0.325067
 0.325067
 0.297600
 0.297600
 0.297600
 0.297600
 0.297600
 0.297600
 0.297600
 0.297600
 0.297600
 0.297600
 0.276684
 0.276684
 0.276684
 0.276684
 0.276684
 0.276684
 0.276684
 0.276684
 0.276684
 0.276684
 0.257581
 0.257581
 0.257581
 0.257581
 0.257581
 0.257581
 0.257581
 0.257581
 0.257581
 0.257581
 0.237058
 0.237058
 0.237058
 0.237058
 0.237058
 0.237058
 0.237058
 0.237058
 0.237058
 0.237058
 0.218258
 0.218258
 0.218258
 0.218258
 0.218258
 0.218258
 0.218258
 0.218258
 0.218258
 0.218258
 0.197931
 0.197931
 0.197931
 0.197931
 0.197931
 0.197931
 0.197931
 0.197931
 0.197931
 0.197931
 0.179204
 0.179204
 0.179204
 0.179204
 0.179204
 0.179204
 0.179204
 0.179204
 0.179204
 0.179204
 0.158992
 0.158992
 0.158992
 0.158992
 0.158992
 0.158992
 0.158992
 0.158992
 0.158992
 0.158992
 0.146591
 0.146591
 0.146591
 0.146591
 0.146591
 0.146591
 0.146591
 0.146591
 0.146591
 0.146591
 0.120436
 0.120436
 0.120436
 0.120436
 0.120436
 0.120436
 0.120436
 0.120436
 0.120436
 0.120436
 0.102133
 0.102133
 0.102133
 0.102133
 0.102133
 0.102133
 0.102133
 0.102133
 0.102133
 0.102133
 0.082504
 0.082504
 0.082504
 0.082504
 0.082504
 0.082504
 0.082504
 0.082504
 0.082504
 0.082504
 0.064590
 0.064590
 0.064590
 0.064590
 0.064590
 0.064590
 0.064590
 0.064590
 0.064590
 0.064590
 0.045384
 0.045384
 0.045384
 0.045384
 0.045384
 0.045384
 0.045384
 0.045384
 0.045384
 0.045384
 0.027853
 0.027853
 0.027853
 0.027853
 0.027853
 0.027853
 0.027853
 0.027853
 0.027853
 0.027853
 0.009043
 0.009043
 0.009043
 0.009043
 0.009043
 0.009043
 0.009043
 0.009043
 0.009043
 0.009043
 -0.008347
 -0.008347
 -0.008347
 -0.008347
 -0.008347
 -0.008347
 -0.008347
 -0.008347
 -0.008347
 -0.008347
 -0.020080
 -0.020080
 -0.020080
 -0.020080
 -0.020080
 -0.020080
 -0.020080
 -0.020080
 -0.020080
 -0.020080
 -0.039532
 -0.039532
 -0.039532
 -0.039532
 -0.039532
 -0.039532
 -0.039532
 -0.039532
 -0.039532
 -0.039532
 -0.066023
 -0.066023
 -0.066023
 -0.066023
 -0.066023
 -0.066023
 -0.066023
 -0.066023
 -0.066023
 -0.066023
 -0.085390
 -0.085390
 -0.085390
 -0.085390
 -0.085390
 -0.085390
 -0.085390
 -0.085390
 -0.085390
 -0.085390
 -0.106435
 -0.106435
 -0.106435
 -0.106435
 -0.106435
 -0.106435
 -0.106435
 -0.106435
 -0.106435
 -0.106435
 -0.126807
 -0.126807
 -0.126807
 -0.126807
 -0.126807
 -0.126807
 -0.126807
 -0.126807
 -0.126807
 -0.126807
 -0.149368
 -0.149368
 -0.149368
 -0.149368
 -0.149368
 -0.149368
 -0.149368
 -0.149368
 -0.149368
 -0.149368
 -0.170523
 -0.170523
 -0.170523
 -0.170523
 -0.170523
 -0.170523
 -0.170523
 -0.170523
 -0.170523
 -0.170523
 -0.193770
 -0.193770
 -0.193770
 -0.193770
 -0.193770
 -0.193770
 -0.193770
 -0.193770
 -0.193770
 -0.193770
 -0.215559
 -0.215559
 -0.215559
 -0.215559
 -0.215559
 -0.215559
 -0.215559
 -0.215559
 -0.215559
 -0.215559
 -0.239487
 -0.239487
 -0.239487
 -0.239487
 -0.239487
 -0.239487
 -0.239487
 -0.239487
 -0.239487
 -0.239487
 -0.261898
 -0.261898
 -0.261898
 -0.261898
 -0.261898
 -0.261898
 -0.261898
 -0.261898
 -0.261898
 -0.278915
 -0.278915
 -0.278915
 -0.278915
 -0.278915
 -0.278915
 -0.278915
 -0.278915
 -0.278915
 -0.278915
 -0.278915
 -0.309640
 -0.309640
 -0.309640
 -0.309640
 -0.309640
 -0.309640
 -0.309640
 -0.309640
 -0.309640
 -0.309640
 -0.334897
 -0.334897
 -0.334897
 -0.334897
 -0.334897
 -0.334897
 -0.334897
 -0.334897
 -0.334897
 -0.334897
 -0.358486
 -0.358486
 -0.358486
 -0.358486
 -0.358486
 -0.358486
 -0.358486
 -0.358486
 -0.358486
 -0.358486
 -0.384339
 -0.384339
 -0.384339
 -0.384339
 -0.384339
 -0.384339
 -0.384339
 -0.384339
 -0.384339
 -0.384339
 -0.408459
 -0.408459
 -0.408459
 -0.408459
 -0.408459
 -0.408459
 -0.408459
 -0.408459
 -0.408459
 -0.408459
 -0.434939
 -0.434939
 -0.434939
 -0.434939
 -0.434939
 -0.434939
 -0.434939
 -0.434939
 -0.434939
 -0.434939
 -0.451403
 -0.451403
 -0.451403
 -0.451403
 -0.451403
 -0.451403
 -0.451403
 -0.451403
 -0.451403
 -0.486688
 -0.486688
 -0.486688
 -0.486688
 -0.486688
 -0.486688
 -0.486688
 -0.486688
 -0.486688
 -0.486688
 -0.486688
 -0.503453
 -0.503453
 -0.503453
 -0.503453
 -0.503453
 -0.503453
 -0.503453
 -0.503453
 -0.503453
 -0.503453
 -0.530827
 -0.530827
 -0.530827
 -0.530827
 -0.530827
 -0.530827
 -0.530827
 -0.530827
 -0.530827
 -0.530827
 -0.565165
 -0.565165
 -0.565165
 -0.565165
 -0.565165
 -0.565165
 -0.565165
 -0.565165
 -0.565165
 -0.565165
 -0.593353
 -0.593353
 -0.593353
 -0.593353
 -0.593353
 -0.593353
 -0.593353
 -0.593353
 -0.593353
 -0.593353
 -0.619683
 -0.619683
 -0.619683
 -0.619683
 -0.619683
 -0.619683
 -0.619683
 -0.619683
 -0.619683
 -0.619683
 -0.648544
 -0.648544
 -0.648544
 -0.648544
 -0.648544
 -0.648544
 -0.648544
 -0.648544
 -0.648544
 -0.648544
 -0.675596
 -0.675596
 -0.675596
 -0.675596
 -0.675596
 -0.675596
 -0.675596
 -0.675596
 -0.675596
 -0.705499
 -0.705499
 -0.705499
 -0.705499
 -0.705499
 -0.705499
 -0.705499
 -0.705499
 -0.705499
 -0.705499
 -0.705499
 -0.733664
 -0.733664
 -0.733664
 -0.733664
 -0.733664
 -0.733664
 -0.733664
 -0.733664
 -0.733664
 -0.733664
 -0.733664
 -0.764725
 -0.764725
 -0.764725
 -0.764725
 -0.764725
 -0.764725
 -0.764725
 -0.764725
 -0.764725
 -0.793782
 -0.793782
 -0.793782
 -0.793782
 -0.793782
 -0.793782
 -0.793782
 -0.793782
 -0.793782
 -0.793782
 -0.825546
 -0.825546
 -0.825546
 -0.825546
 -0.825546
 -0.825546
 -0.825546
 -0.825546
 -0.825546
 -0.825546
 -0.857520
 -0.857520
 -0.857520
 -0.857520
 -0.857520
 -0.857520
 -0.857520
 -0.857520
 -0.857520
 -0.857520
 -0.887038
 -0.887038
 -0.887038
 -0.887038
 -0.887038
 -0.887038
 -0.887038
 -0.887038
 -0.887038
 -0.887069
 -0.916361
 -0.916361
 -0.916361
 -0.916361
 -0.916361
 -0.916361
 -0.916361
 -0.916361
 -0.916361
 -0.916361
 -0.947837
 -0.947837
 -0.947837
 -0.947837
 -0.947837
 -0.947837
 -0.947837
 -0.947837
 -0.947837
 -0.947837
 -0.957446
 -0.957446
 -0.957446
 -0.957446
 -0.957446
 -0.957446
 -0.957446
 -0.957446
 -0.957446
 -0.957446
 -1.006290
 -1.006290
 -1.006290
 -1.006290
 -1.006290
 -1.006290
 -1.006290
 -1.006290
 -1.006290
 -1.006290
 -1.033650
 -1.033650
 -1.033650
 -1.033650
 -1.033650
 -1.033650
 -1.033650
 -1.033650
 -1.033650
 -1.033650
 -1.063040
 -1.063040
 -1.063040
 -1.063040
 -1.063040
 -1.063040
 -1.063040
 -1.063040
 -1.063040
 -1.063040
 -1.089960
 -1.089960
 -1.089960
 -1.089960
 -1.089960
 -1.089960
 -1.089960
 -1.089960
 -1.089960
 -1.089960
 -1.119120
 -1.119120
 -1.119120
 -1.119120
 -1.119120
 -1.119120
 -1.119120
 -1.119120
 -1.119120
 -1.119120
 -1.146000
 -1.146000
 -1.146000
 -1.146000
 -1.146000
 -1.146000
 -1.146000
 -1.146000
 -1.146000
 -1.145990
 -1.166020
 -1.166020
 -1.166020
 -1.166020
 -1.166020
 -1.166020
 -1.166020
 -1.166020
 -1.166020
 -1.166020
 -1.184050
 -1.184050
 -1.184050
 -1.184050
 -1.184050
 -1.184050
 -1.184050
 -1.184050
 -1.184050
 -1.184050
 -1.231720
 -1.231720
 -1.231720
 -1.231720
 -1.231720
 -1.231720
 -1.231720
 -1.231720
 -1.231720
 -1.231720
 -1.258900
 -1.258900
 -1.258900
 -1.258900
 -1.258900
 -1.258900
 -1.258900
 -1.258900
 -1.258900
 -1.258900
 -1.288380
 -1.288380
 -1.288380
 -1.288380
 -1.288380
 -1.288380
 -1.288380
 -1.288380
 -1.288380
 -1.288380
 -1.315620
 -1.315620
 -1.315620
 -1.315620
 -1.315620
 -1.315620
 -1.315620
 -1.315620
 -1.315620
 -1.315620
 -1.345210
 -1.345210
 -1.345210
 -1.345210
 -1.345210
 -1.345210
 -1.345210
 -1.345210
 -1.345210
 -1.372470
 -1.372470
 -1.372470
 -1.372470
 -1.372470
 -1.372470
 -1.372470
 -1.372470
 -1.372470
 -1.372470
 -1.399610
 -1.399610
 -1.399610
 -1.399610
 -1.399610
 -1.399610
 -1.399610
 -1.399610
 -1.399610
 -1.399610
 -1.399610
 -1.419970
 -1.419970
 -1.419970
 -1.419970
 -1.419970
 -1.419970
 -1.419970
 -1.419970
 -1.419970
 -1.419970
 -1.455980
 -1.455980
 -1.455980
 -1.455980
 -1.455980
 -1.455980
 -1.455980
 -1.455980
 -1.455980
 -1.455980
 -1.485210
 -1.485210
 -1.485210
 -1.485210
 -1.485210
 -1.485210
 -1.485210
 -1.485210
 -1.485210
 -1.485210
 -1.514370
 -1.514370
 -1.514370
 -1.514370
 -1.514370
 -1.514370
 -1.514370
 -1.514370
 -1.514370
 -1.514370
 -1.541270
 -1.541270
 -1.541270
 -1.541270
 -1.541270
 -1.541270
 -1.541270
 -1.541270
 -1.541270
 -1.541270
 -1.568120
 -1.568120
 -1.568120
 -1.568120
 -1.568120
 -1.568120
 -1.568120
 -1.568120
 -1.568120
 -1.588270
 -1.588270
 -1.588270
 -1.588270
 -1.588270
 -1.588270
 -1.588270
 -1.588270
 -1.588270
 -1.588270
 -1.588270
 -1.626250
 -1.626250
 -1.626250
 -1.626250
 -1.626250
 -1.626250
 -1.626250
 -1.626250
 -1.626250
 -1.626250
 -1.644150
 -1.644150
 -1.644150
 -1.644150
 -1.644150
 -1.644150
 -1.644150
 -1.644150
 -1.644150
 -1.682060
 -1.682060
 -1.682060
 -1.682060
 -1.682060
 -1.682060
 -1.682060
 -1.682060
 